1.53136429973872
-0.733473813724629
-0.721517390996979
-1.67726542840458
-0.531246783974651
-0.0727699002561293
0.629365250773822
0.477967528073539
-2.29394873696156
-0.0616333449450037
-0.425742036307527
-0.591074261467038
0.515276295915553
-0.825198469909903
0.880675627555189
-0.672165178325115
-0.484911049079751
-0.30787710757199
-1.47274439111306
-0.756515286098169
-0.409716696717196
-1.81198440060255
-0.0434221465444084
0.734462561423857
-1.13442867023875
0.601168010432937
-0.375637104916825
-1.10366311497883
0.640352268973086
-0.0223134044407321
0.379377196738379
1.03615264863581
-0.425398019326993
1.12207374653762
-0.592220964347419
0.221510288521755
-1.13205259009484
0.637901243843827
0.442902671464766
-1.61728834429366
0.0278919854997047
0.483162030131771
1.20872493952437
1.58243534248184
-0.401165350488444
0.162193964101843
0.209424657688227
0.283078507719456
0.30815157981927
1.00894559303413
-0.0702073147581187
-0.672121046673057
-1.12996186708934
0.163083166660762
1.50065265343073
0.741883170342931
-1.1408896520353
-2.2041762494803
1.21686204005656
-1.28874768497686
0.950811657113802
1.62652048962434
-0.0741276026804487
1.88992598748155
-0.110282505130463
-2.1267111128989
-0.452667903200124
0.418023524981919
1.84666220845729
1.42065390497134
-2.1625309519984
1.36457158782607
1.49752429759617
-0.544553569528741
0.790974566167254
1.94926441239427
0.699459475796002
-1.00625341221967
0.104510755712462
-0.331628196182217
0.145573804401399
1.30595650540797
-0.593911697063798
0.111572398963356
-1.06874746103442
-0.204755910810552
1.11485108369598
-1.26709706404194
-0.471075004225772
-0.266513360564058
-0.0878511844777366
-0.530255039994542
1.35681819435671
0.769798339852811
-0.132929233068082
0.289144240387177
0.477785147174932
1.21882599105186
0.0971373199463687
-0.37746727059995
0.449640924663037
0.201469402821812
-0.753259413445015
-0.300937336836115
-0.55332324685454
-0.842446668753996
-0.434885780979022
-0.483228970657259
-0.994214765526103
-1.59955953792501
-0.858321921141955
-0.990386688946731
-0.122947538742597
-0.736047189376048
1.64507125022986
-0.403756221390513
-0.604698946050895
-0.334445808172033
-1.7514866202894
0.889291340542135
-0.0867571834998419
1.21704155930117
-0.0728555575172826
0.100814567819179
-0.310097869344876
0.97349646734269
-1.74022798062617
-1.60960178839977
-0.599980106334862
0.287736073902745
-1.84747763251288
0.241754296946129
0.657256656120874
0.778506793495477
-0.226939707769675
1.31954885496922
1.54491910419267
-0.438401471783302
2.25025012497337
-0.115246466243848
1.11931292780645
-1.28894878536006
-0.482158689731761
-0.873691662127164
0.631074976639862
-0.203299452082962
-0.392243885102824
-0.725801009516734
-0.544049818594977
0.547764819945588
1.66307451819239
1.11567714415706
-1.17033820207632
0.840107558735537
0.360383423183446
-0.701800131186231
-0.727642206329155
1.5215114601334
-0.088055310508258
0.269878885472429
0.81294588342839
2.32746745624158
-0.145548768681533
-2.62572686343335
1.06241571462478
0.813896322806757
0.708228385542277
-0.660257323097193
-0.73357917041859
1.55704397649194
0.510025886962051
1.88278578998103
-0.738843215938589
0.189824796243112
-1.38594259503528
-1.10606946767404
-0.674893636040342
-0.820045103428172
0.808420072561876
0.270931741250979
-0.326530211451332
-0.0808913485906142
-1.43831272189016
0.273400545990955
-1.90526610386414
1.21612701348435
-0.84535951010873
-0.0347538808120316
0.58783950665585
-0.739300537252458
0.528546379366748
0.953517639822559
1.23861073958389
-0.945291957050054
-0.491326750727619
-0.444914033100968
-0.628348693415866
-0.352193905362208
0.670991872558228
0.0843529723407635
-1.2688384078236
-0.564640048657237
1.25078724585456
-0.292383197840419
0.233742938390716
-1.2499853129697
0.699301694673595
1.11204557628497
0.798385767006413
0.534715404814009
1.08969345518142
-1.11645698939985
0.915574683901349
1.26687659871
-1.06722639879064
0.528771509425624
0.355341223974
-1.30199652031116
-0.500631043165153
0.486508796921739
-0.136922826888709
0.175148918462996
-0.15145792980685
1.68992076547867
0.0714469549299936
-0.545585032114037
0.761310483990574
-0.164622175492158
-0.21845297555368
-0.39990663410467
0.197228686763423
0.14217342196024
-0.434887478479606
1.95665762996216
0.0618373078081888
1.50756966584099
0.707148227060519
-0.992939439464536
-0.566014149303326
0.419613575951336
0.373456099703053
-0.696829202876666
0.729355784781438
1.44711614316596
0.231218845746133
0.33471208769528
-0.264674315951905
-0.144064067901847
0.313622042296202
0.553305763073302
1.76417667511989
-0.718025743083128
-0.00696236545299987
0.103284141466588
1.13929821874832
1.08743846809609
0.538905171280319
0.410037654226887
0.397621988980514
0.441060517641866
-0.685004732024394
0.268952515896117
2.34422554344006
0.0502268513265438
0.0576549584022254
1.22930878279698
-0.364442453964868
-0.136943728573723
-0.342529326061869
-0.820368995003417
-0.796478050908115
1.6131134801454
0.143858443496498
1.21086433935067
-0.140045594634415
-0.265876086047579
2.4407395296753
-0.655064726313574
0.320889405803689
0.0772661889016312
1.43238179254528
0.348563490848277
-0.0189406778019417
-0.0723080511471743
1.41740154800921
-0.563463065452861
0.531081448698611
0.550236324103157
-0.228276897970969
0.664745221053163
0.226189950636693
-1.18143146618424
-0.786558562293637
-1.38986195416119
1.76559870869088
0.242812068237181
1.48149671861263
-0.976217649368648
1.02241068144481
0.944967735663627
0.576349654404658
1.0767276079713
-0.913640392899096
0.716177497895453
-0.853249699344439
-0.33836725912078
-0.870582358908932
-0.734849812971173
1.37437512660006
0.479773391760216
-0.933650270141723
-2.45140637197145
0.704709707993159
0.204473691213075
-0.689914424683191
-0.529204489428543
-1.65357451584355
1.32618344761187
-0.744235076983736
-1.34557225017448
-1.43061276913951
-1.84209688798415
-0.375254476764198
1.27113284359957
0.0194401479998347
-1.66303255270796
-1.03564303332558
-1.56614107803222
0.292152418427186
-0.466970764310497
0.323626137915162
0.275314616156636
1.46243035946113
0.0931396146787522
-0.659116042233725
2.14202533036682
0.226462423898129
-0.698228464447083
-1.54704604055241
0.271394042540015
0.0513196518985719
0.244927890530613
2.30147006483529
-1.02621895934239
0.126925329643657
0.461610687805053
-0.181108068123512
-0.806012817931583
-0.380770350818143
-0.497375057089691
1.65752482510803
-3.31351388366298
1.38179238423782
0.731725188713481
-0.400718729993852
-1.65039844039138
-1.84903138318373
-0.618042225928663
0.18685019528794
-2.28801324254666
0.0731011834659478
-2.54523975474345
0.110623046121532
0.604546844828276
-0.450130015155117
1.3124011252011
1.9235246149038
0.155813737913553
0.603406720428689
-0.69488886114575
-0.0668130235326958
-0.050232543540389
1.49265299182743
0.127099878488152
-1.54507969071854
-0.160275024140784
-0.0606295247942723
0.748943466753414
-0.50314551012754
-0.490416628689133
-0.435308695990758
0.310857807105507
-0.620794455608783
1.65569928393936
0.621633639200635
-0.263821326844741
0.239217352772193
-0.066255268364551
-1.15540391142994
-1.59882602244858
-1.57958637978936
0.572163762303945
1.19885683412277
-0.630814306770721
-0.00636592020650428
-0.642609908407537
1.30658148205294
-1.60870382286336
0.14560679875881
1.36482674386292
-1.48150927870824
0.355222544920804
-0.33067431965879
-0.511784692743046
-0.224536426051617
0.278513545825882
0.143210973042186
-0.730702801156239
0.0173123428677069
-0.916735451812309
-0.227811562142328
-1.44515595365989
0.675465925396973
-0.792727892010365
-0.430257440584344
-0.890997797286226
0.35855786760398
0.439562856877921
0.59492320533548
0.649443532813188
0.868730028721036
0.192894116789488
-1.2818653746942
-0.568281733697247
-0.519007048961127
-0.616191307620122
-1.28832908501321
1.16814587790491
0.426925616066971
0.426767604653735
0.771788236799095
0.396757393430142
0.366715230346331
-0.0122298040978225
-1.17134987616556
-0.0652551600136769
-0.476465155633793
-0.207791213416717
0.806913316712413
0.442083896231788
-0.131059600608325
-0.404747532832072
-0.964112066349699
-0.97742046049434
0.592916916989262
1.08664140662903
-1.46409360657497
-0.13533488786149
-0.718218644062285
-0.00538058811596319
0.201120310334077
0.0120157125306328
-0.701862927510262
1.4977983393892
-1.79945941468766
0.421713704083523
1.38929376352386
0.121134925192207
0.16679825623076
0.212707906543623
3.05799608568173
0.435864899495823
-0.693384391590781
-1.17383861694521
1.89223095658992
-0.681821631746586
1.06332267628039
0.441762333456687
-2.44383175536375
-0.545957323310614
-0.80406281674665
0.358655180059693
-0.830077849785419
0.422943630753817
-1.75293407693353
-1.89076202932647
-0.858941394765
1.18465951382613
0.528647636816625
1.52753943027786
-2.0803210801277
0.314580650677554
-2.78791414559378
-0.927020526086617
1.95253548628491
-0.659559096439751
0.77381565731218
-1.34192003349047
-0.68974527457429
-0.630086133799426
-2.02917960551594
-1.61412228482632
-0.546808541200713
1.23445033050135
0.894651670958046
-0.0948188239531635
0.50891321198878
-1.25281422255488
0.0910251027520592
-0.922891788718121
1.31239550418519
0.85578270172032
0.477216826480615
-0.26435841794011
-0.361231694876985
-0.671801401761847
0.124752923960284
-0.225606622359143
0.976120224444723
0.547492990748
0.973775500376528
1.38068539483155
1.21867022727607
-1.17355322486481
-0.530050961619023
0.898316674313095
-0.83401852953465
1.26681355004375
-0.483371283436048
-0.534762420307835
-0.163345714441414
1.49704070850571
2.14058448797395
1.35150631476047
-0.561197019978898
1.07769237538723
-0.90041045427019
1.16091247808769
-0.0895409197723528
-0.532970365085783
-2.75020948114938
-1.58742248519221
0.160049145661949
-0.305594964322908
-1.34421283149365
-0.243193805903796
1.62838336562493
0.664321726639886
1.27700065305451
0.571826944696923
-0.131952299339575
1.50364408624175
0.993081318380892
0.173109893365564
-0.529571827907768
0.59218415774777
-1.04427224762644
-0.0554560710804929
0.218282020129146
-1.41888466956605
0.534520114426725
-0.722407914387422
-1.24544051606839
-0.877524265144688
2.04790931228163
0.607828404240698
-0.900704957646103
-0.551336774716418
-1.40595053370076
-0.597798503883853
-0.0584298808502676
-0.0354351973951519
0.467999820576498
-0.866362349555819
0.327286144881249
-0.0889285476433462
0.0397686883481111
-0.734389105879229
2.54113503368691
-1.2988024341704
0.871103017606356
0.478620746330799
-0.525706528671793
1.4987212952948
-0.298117870780946
-0.954796229304294
-0.0600604398882648
1.42099255384877
-0.21538688628713
-0.511496178660504
-1.21264764837227
-0.748085393035922
-1.10322169697952
-1.46658684361288
0.57254224188251
-0.712059148695768
0.523835457697263
1.12711763598586
0.786825865813243
-1.71386264176048
0.123149234180455
-0.861517070367519
-0.244076527462346
1.86511967591599
-0.860417340073369
-0.449896562092585
0.133769177225683
-1.34494658197504
-0.377148629351556
1.757235803634
-0.457591068904329
-1.20157239699965
-0.277956507509462
-0.805369073790811
-0.794833679001355
0.202338188186246
0.591764247961945
-0.0165985308870758
-0.412021142053891
-1.02598939688097
-0.425728499793641
-1.60632558708502
1.44093249434083
-1.17508581758381
-1.04356530254467
-0.0960155101517707
0.205983620725177
-0.947054792482486
0.29302745927906
0.881855108586686
0.347970521197778
0.00353644398338059
0.657831834155453
-1.23392299669613
0.626918893197258
