1.53136429973872
-0.733473813724629
-0.721517390996979
-1.67726542840458
-0.531246783974651
-0.0727699002561293
0.629365250773822
0.477967528073539
-2.29394873696156
-0.0616333449450037
-0.425742036307527
-0.591074261467038
0.515276295915553
-0.825198469909903
0.880675627555189
-0.672165178325115
-0.484911049079751
-0.30787710757199
-1.47274439111306
-0.756515286098169
-0.409716696717196
-1.81198440060255
-0.0434221465444084
0.734462561423857
-1.13442867023875
0.601168010432937
-0.375637104916825
-1.10366311497883
0.640352268973086
-0.0223134044407321
0.379377196738379
1.03615264863581
-0.425398019326993
1.12207374653762
-0.592220964347419
0.221510288521755
-1.13205259009484
0.637901243843827
0.442902671464766
-1.61728834429366
0.0278919854997047
0.483162030131771
1.20872493952437
1.58243534248184
-0.401165350488444
0.162193964101843
0.209424657688227
0.283078507719456
0.30815157981927
1.00894559303413
-0.0702073147581187
-0.672121046673057
-1.12996186708934
0.163083166660762
1.50065265343073
0.741883170342931
-1.1408896520353
-2.2041762494803
1.21686204005656
-1.28874768497686
0.950811657113802
1.62652048962434
-0.0741276026804487
1.88992598748155
-0.110282505130463
-2.1267111128989
-0.452667903200124
0.418023524981919
1.84666220845729
1.42065390497134
-2.1625309519984
1.36457158782607
1.49752429759617
-0.544553569528741
0.790974566167254
1.94926441239427
0.699459475796002
-1.00625341221967
0.104510755712462
-0.331628196182217
0.145573804401399
1.30595650540797
-0.593911697063798
0.111572398963356
-1.06874746103442
-0.204755910810552
1.11485108369598
-1.26709706404194
-0.471075004225772
-0.266513360564058
-0.0878511844777366
-0.530255039994542
1.35681819435671
0.769798339852811
-0.132929233068082
0.289144240387177
0.477785147174932
1.21882599105186
0.0971373199463687
-0.37746727059995
0.449640924663037
0.201469402821812
-0.753259413445015
-0.300937336836115
-0.55332324685454
-0.842446668753996
-0.434885780979022
-0.483228970657259
-0.994214765526103
-1.59955953792501
-0.858321921141955
-0.990386688946731
-0.122947538742597
-0.736047189376048
1.64507125022986
-0.403756221390513
-0.604698946050895
-0.334445808172033
-1.7514866202894
0.889291340542135
-0.0867571834998419
1.21704155930117
-0.0728555575172826
0.100814567819179
-0.310097869344876
0.97349646734269
-1.74022798062617
-1.60960178839977
-0.599980106334862
0.287736073902745
-1.84747763251288
0.241754296946129
0.657256656120874
0.778506793495477
-0.226939707769675
1.31954885496922
1.54491910419267
-0.438401471783302
2.25025012497337
-0.115246466243848
1.11931292780645
-1.28894878536006
-0.482158689731761
-0.873691662127164
0.631074976639862
-0.203299452082962
-0.392243885102824
-0.725801009516734
-0.544049818594977
0.547764819945588
1.66307451819239
1.11567714415706
-1.17033820207632
0.840107558735537
0.360383423183446
-0.701800131186231
-0.727642206329155
1.5215114601334
-0.088055310508258
0.269878885472429
0.81294588342839
2.32746745624158
-0.145548768681533
-2.62572686343335
1.06241571462478
0.813896322806757
0.708228385542277
-0.660257323097193
-0.73357917041859
1.55704397649194
0.510025886962051
1.88278578998103
-0.738843215938589
0.189824796243112
-1.38594259503528
-1.10606946767404
-0.674893636040342
-0.820045103428172
0.808420072561876
0.270931741250979
-0.326530211451332
-0.0808913485906142
-1.43831272189016
0.273400545990955
-1.90526610386414
1.21612701348435
-0.84535951010873
-0.0347538808120316
0.58783950665585
-0.739300537252458
0.528546379366748
0.953517639822559
1.23861073958389
-0.945291957050054
-0.491326750727619
-0.444914033100968
-0.628348693415866
-0.352193905362208
0.670991872558228
0.0843529723407635
-1.2688384078236
-0.564640048657237
1.25078724585456
-0.292383197840419
0.233742938390716
-1.2499853129697
0.699301694673595
1.11204557628497
0.798385767006413
0.534715404814009
1.08969345518142
-1.11645698939985
0.915574683901349
1.26687659871
-1.06722639879064
0.528771509425624
0.355341223974
-1.30199652031116
-0.500631043165153
0.486508796921739
-0.136922826888709
0.175148918462996
-0.15145792980685
1.68992076547867
0.0714469549299936
-0.545585032114037
0.761310483990574
-0.164622175492158
-0.21845297555368
-0.39990663410467
0.197228686763423
0.14217342196024
-0.434887478479606
1.95665762996216
0.0618373078081888
1.50756966584099
0.707148227060519
-0.992939439464536
-0.566014149303326
0.419613575951336
0.373456099703053
-0.696829202876666
0.729355784781438
1.44711614316596
0.231218845746133
0.33471208769528
-0.264674315951905
-0.144064067901847
0.313622042296202
0.553305763073302
1.76417667511989
-0.718025743083128
-0.00696236545299987
0.103284141466588
1.13929821874832
1.08743846809609
0.538905171280319
0.410037654226887
0.397621988980514
0.441060517641866
-0.685004732024394
0.268952515896117
2.34422554344006
0.0502268513265438
0.0576549584022254
1.22930878279698
-0.364442453964868
-0.136943728573723
-0.342529326061869
-0.820368995003417
-0.796478050908115
1.6131134801454
0.143858443496498
1.21086433935067
-0.140045594634415
-0.265876086047579
2.4407395296753
-0.655064726313574
0.320889405803689
0.0772661889016312
1.43238179254528
0.348563490848277
-0.0189406778019417
-0.0723080511471743
1.41740154800921
-0.563463065452861
0.531081448698611
0.550236324103157
-0.228276897970969
0.664745221053163
0.226189950636693
-1.18143146618424
-0.786558562293637
-1.38986195416119
1.76559870869088
0.242812068237181
1.48149671861263
-0.976217649368648
1.02241068144481
0.944967735663627
0.576349654404658
1.0767276079713
-0.913640392899096
0.716177497895453
-0.853249699344439
-0.33836725912078
-0.870582358908932
-0.734849812971173
1.37437512660006
0.479773391760216
-0.933650270141723
-2.45140637197145
0.704709707993159
0.204473691213075
-0.689914424683191
-0.529204489428543
-1.65357451584355
1.32618344761187
-0.744235076983736
-1.34557225017448
-1.43061276913951
-1.84209688798415
-0.375254476764198
1.27113284359957
0.0194401479998347
-1.66303255270796
-1.03564303332558
-1.56614107803222
0.292152418427186
-0.466970764310497
0.323626137915162
0.275314616156636
1.46243035946113
0.0931396146787522
-0.659116042233725
2.14202533036682
0.226462423898129
-0.698228464447083
-1.54704604055241
0.271394042540015
0.0513196518985719
0.244927890530613
2.30147006483529
-1.02621895934239
0.126925329643657
0.461610687805053
-0.181108068123512
-0.806012817931583
-0.380770350818143
-0.497375057089691
1.65752482510803
-3.31351388366298
1.38179238423782
0.731725188713481
-0.400718729993852
-1.65039844039138
-1.84903138318373
-0.618042225928663
0.18685019528794
-2.28801324254666
0.0731011834659478
-2.54523975474345
0.110623046121532
0.604546844828276
-0.450130015155117
1.3124011252011
1.9235246149038
0.155813737913553
0.603406720428689
-0.69488886114575
-0.0668130235326958
-0.050232543540389
1.49265299182743
0.127099878488152
-1.54507969071854
-0.160275024140784
-0.0606295247942723
0.748943466753414
-0.50314551012754
-0.490416628689133
-0.435308695990758
0.310857807105507
-0.620794455608783
1.65569928393936
0.621633639200635
-0.263821326844741
0.239217352772193
-0.066255268364551
-1.15540391142994
-1.59882602244858
-1.57958637978936
0.572163762303945
1.19885683412277
-0.630814306770721
-0.00636592020650428
-0.642609908407537
1.30658148205294
-1.60870382286336
0.14560679875881
1.36482674386292
-1.48150927870824
0.355222544920804
-0.33067431965879
-0.511784692743046
-0.224536426051617
0.278513545825882
0.143210973042186
-0.730702801156239
0.0173123428677069
-0.916735451812309
-0.227811562142328
-1.44515595365989
0.675465925396973
-0.792727892010365
-0.430257440584344
-0.890997797286226
0.35855786760398
0.439562856877921
0.59492320533548
0.649443532813188
0.868730028721036
0.192894116789488
-1.2818653746942
-0.568281733697247
-0.519007048961127
-0.616191307620122
-1.28832908501321
1.16814587790491
0.426925616066971
0.426767604653735
0.771788236799095
0.396757393430142
0.366715230346331
-0.0122298040978225
-1.17134987616556
-0.0652551600136769
-0.476465155633793
-0.207791213416717
0.806913316712413
0.442083896231788
-0.131059600608325
-0.404747532832072
-0.964112066349699
-0.97742046049434
0.592916916989262
1.08664140662903
-1.46409360657497
-0.13533488786149
-0.718218644062285
-0.00538058811596319
0.201120310334077
0.0120157125306328
-0.701862927510262
1.4977983393892
-1.79945941468766
0.421713704083523
1.38929376352386
0.121134925192207
0.16679825623076
0.212707906543623
3.05799608568173
0.435864899495823
-0.693384391590781
-1.17383861694521
1.89223095658992
-0.681821631746586
1.06332267628039
0.441762333456687
-2.44383175536375
-0.545957323310614
-0.80406281674665
0.358655180059693
-0.830077849785419
0.422943630753817
-1.75293407693353
-1.89076202932647
-0.858941394765
1.18465951382613
0.528647636816625
1.52753943027786
-2.0803210801277
0.314580650677554
-2.78791414559378
-0.927020526086617
1.95253548628491
-0.659559096439751
0.77381565731218
-1.34192003349047
-0.68974527457429
-0.630086133799426
-2.02917960551594
-1.61412228482632
-0.546808541200713
1.23445033050135
0.894651670958046
-0.0948188239531635
0.50891321198878
-1.25281422255488
0.0910251027520592
-0.922891788718121
1.31239550418519
0.85578270172032
0.477216826480615
-0.26435841794011
-0.361231694876985
-0.671801401761847
0.124752923960284
-0.225606622359143
0.976120224444723
0.547492990748
0.973775500376528
1.38068539483155
1.21867022727607
-1.17355322486481
-0.530050961619023
0.898316674313095
-0.83401852953465
1.26681355004375
-0.483371283436048
-0.534762420307835
-0.163345714441414
1.49704070850571
2.14058448797395
1.35150631476047
-0.561197019978898
1.07769237538723
-0.90041045427019
1.16091247808769
-0.0895409197723528
-0.532970365085783
-2.75020948114938
-1.58742248519221
0.160049145661949
-0.305594964322908
-1.34421283149365
-0.243193805903796
1.62838336562493
0.664321726639886
1.27700065305451
0.571826944696923
-0.131952299339575
1.50364408624175
0.993081318380892
0.173109893365564
-0.529571827907768
0.59218415774777
-1.04427224762644
-0.0554560710804929
0.218282020129146
-1.41888466956605
0.534520114426725
-0.722407914387422
-1.24544051606839
-0.877524265144688
2.04790931228163
0.607828404240698
-0.900704957646103
-0.551336774716418
-1.40595053370076
-0.597798503883853
-0.0584298808502676
-0.0354351973951519
0.467999820576498
-0.866362349555819
0.327286144881249
-0.0889285476433462
0.0397686883481111
-0.734389105879229
2.54113503368691
-1.2988024341704
0.871103017606356
0.478620746330799
-0.525706528671793
1.4987212952948
-0.298117870780946
-0.954796229304294
-0.0600604398882648
1.42099255384877
-0.21538688628713
-0.511496178660504
-1.21264764837227
-0.748085393035922
-1.10322169697952
-1.46658684361288
0.57254224188251
-0.712059148695768
0.523835457697263
1.12711763598586
0.786825865813243
-1.71386264176048
0.123149234180455
-0.861517070367519
-0.244076527462346
1.86511967591599
-0.860417340073369
-0.449896562092585
0.133769177225683
-1.34494658197504
-0.377148629351556
1.757235803634
-0.457591068904329
-1.20157239699965
-0.277956507509462
-0.805369073790811
-0.794833679001355
0.202338188186246
0.591764247961945
-0.0165985308870758
-0.412021142053891
-1.02598939688097
-0.425728499793641
-1.60632558708502
1.44093249434083
-1.17508581758381
-1.04356530254467
-0.0960155101517707
0.205983620725177
-0.947054792482486
0.29302745927906
0.881855108586686
0.347970521197778
0.00353644398338059
0.657831834155453
-1.23392299669613
0.626918893197258
0.0241920997481207
0.690277081628254
-1.55785829113781
0.20828408655227
-1.39895514826178
0.223422249745665
-0.217051696188955
-0.0438185588020255
-0.0470170586921932
-0.577596957654157
0.656728016522053
-0.74620037657212
-0.0871718184719416
-0.222808477511161
0.489755692187274
-1.29429366379228
1.24897946931696
-0.0759181012455413
-0.0388109979765827
-0.612212910882695
0.954172947490848
1.44150006519152
1.07594641278435
-0.298021840211655
0.233526273726124
-0.712740014717778
0.393405911949651
1.49428728714113
2.10494139313634
-1.40395606551009
1.50958858016102
0.0960639859034701
0.688579682384372
1.45648415174227
0.363937042180766
-2.4869582895113
-0.556321278726016
-1.75639260400201
-0.806733789135927
0.373848676884982
0.238351539962392
0.680395744768541
-0.182553743623666
0.0687053573057833
-0.806792502574704
1.17416154195957
1.62219012143115
2.76840107553925
-0.291563618200434
-1.6744796753794
-1.13435700703292
-0.133424015797305
0.702095113678669
2.08537915472748
-1.27017398400487
-0.433855249254688
-0.538739479849012
-0.798975021130427
0.170771730441895
-0.571846645587688
-0.554727480605643
0.905022375301359
-2.47705744174467
0.123166282558024
-0.293714640820725
0.526622140675313
0.122568289868613
-0.570785181696141
0.998962306442075
0.0412897489642272
-0.501420829383273
0.721128774010767
-0.814469687276404
1.39768746449411
0.231228241527501
-0.290924099399493
0.0807113170306569
-0.970521315199545
-1.97226149311217
0.791581043051401
0.977431255379878
1.13633855553996
-1.02237225099173
0.370340186882302
-1.77953779965103
0.441378760135715
-1.66707085522298
0.802503829680428
0.927429017686604
-0.568853020826359
1.92631685816128
0.0751284706952421
-0.0573608324810714
0.551716316741718
-1.73819892783598
-1.05735336923558
0.529844569204273
1.13267578015621
-1.07658574173166
-0.370056911425316
0.568244076137674
3.29743413047821
0.784426781070172
0.033600836214268
0.245828005727158
-1.79363581016608
0.161410724548219
1.3212620085984
0.534295403961259
-0.267346550293917
0.203053174954819
-1.09060329834622
1.73962037301163
1.91085951628118
-1.13927284214959
1.77073493280628
-0.510777439256426
-1.49773795488756
-2.61620041354052
0.197284945834858
2.07249188672936
-0.610216261048352
-0.216361628531986
0.29707250052484
1.67657261887321
-0.647485975646595
-1.28061011570313
0.635775060544762
-1.08161434485321
1.44730530982639
-0.882684756357335
-0.210693952882992
0.695698505921039
-1.08840421183607
0.462902286320696
-1.36295394374752
-0.104834222522704
-2.40620188861341
2.27451214108155
-0.53142636367912
-0.788763054848887
0.705624717667172
-0.15740783931432
-0.518040225714573
0.3690812909514
-0.0477604599190709
-1.62984241709959
-0.671764022449778
0.942173212888073
-0.935438822228948
0.888159608436316
-0.89746328118624
0.532362716878663
-0.122177690977115
0.752000194076443
-0.98924210603849
-0.877258032476376
0.426005109861829
-1.06374100382927
-0.291669053054331
-0.804226905359005
-0.818366759871115
0.567121960782326
-0.163471572326901
0.576462868452071
-1.00722028891763
-1.124282368869
1.27178025467584
-0.0801484993303216
-0.535802943231475
-1.18844023754489
1.57967657188145
0.670319034304281
-2.23690313590791
-0.337074982914886
0.0610879870848495
0.949712524010974
0.830263983346263
0.656934811955258
1.86069897345548
1.38200587188039
0.642110636594141
-0.909927314171838
0.369756720098685
0.949816521962426
0.768265634414605
-0.212970560085475
-1.00523666838234
3.1065663122942
1.947986296831
0.916556837146248
-1.97248050916419
-1.00706925872724
-0.818025667294616
-0.34040307839274
0.520403359667155
0.653955559757971
0.389496597903916
0.85239189825379
-1.51109040005903
0.027409930586106
0.586601902845443
-1.06744019018968
-0.128178292387855
0.746894969176368
-1.8845753919035
0.923307358882695
-1.93932813795029
-0.911185929705542
-1.28722194913379
-0.400321436406437
-0.860500689968524
1.25616920631325
-0.736764891720496
0.0647680421227793
0.350191228367562
-0.0661256215763915
-0.31451275705914
0.399093116749239
-0.585754783765969
-0.394793619381159
0.42323244101276
1.69961481429617
1.36638335166556
-0.410661227082158
0.691908758182344
1.71140494112477
1.56523795209915
0.710898383478131
-1.89237167424888
-0.503483040406324
-1.04918507283524
1.46907883997222
-0.723242562464957
-0.12308521853893
-0.285724397486343
-1.29494052219172
2.17342185725336
1.50548239954469
-1.05129272983632
-1.27180191653674
-0.439436440811488
-0.103251323987566
0.3506062554146
0.527004275085128
-0.0889447974655927
-0.0140311051205865
0.344946350698966
-1.01501531454405
0.0507627334452914
-1.21065348545742
0.38513705354186
0.914277440847448
0.821825071509368
1.26905693337822
-0.803761174379107
0.792217512409738
1.97406454784848
-0.455482672609604
-1.11706994018842
-0.390838495411573
-0.620727337126156
-0.556692559472892
-0.189597079218168
0.894610836742305
0.324357636995916
-0.805931938240905
0.0872877596704057
0.203796466233227
-0.017041831210928
0.204714515024138
-0.315541116387737
0.159153431191517
0.558129536038842
0.152280547990002
-1.09028843918299
0.280234332082613
0.547067027900281
0.642591558828766
0.45132256273076
1.09293860030845
1.19898386548134
1.55382243462179
0.675414814945847
-0.0746336607452931
-0.742714443532078
0.670907565105361
1.01851156554557
2.45023653073164
0.603054848037439
-2.3284059135902
0.775212440190199
-1.02667410640213
-1.53900497454726
0.298323144513368
0.417788575846598
-0.429044793910338
-0.648265642687505
1.19933537832037
-0.00528327099768149
0.641510777446441
-0.989914603667468
1.10171622704563
0.277399012110168
-0.705444259706276
0.22622191302924
-0.227156754957858
-0.386729924560495
1.32634025019658
0.454942269965072
1.30872699901971
0.360460775633848
2.94853196875114
-0.49168303239942
-0.618120264169777
1.12162585118268
0.446421294434212
1.40984214412012
-0.52144867861139
-0.950479023708351
-1.79530424545796
1.88338378523834
0.100248062057865
-0.791006522228392
-0.145924504098561
0.939751827681857
-0.207927134720375
-0.554717201933004
-1.57143155034201
-0.221015706380878
0.431859118621957
-0.618006360501305
-0.984537886306235
-0.420013311216952
-1.89470695311451
-0.289982155252645
-0.364392198369442
0.855067235496251
-1.22295651491053
-0.395682123480069
-0.282959560827905
-0.876021676987597
0.91260279703407
-1.40956904477866
0.389841833564704
-1.4254291669554
0.41770786549168
-0.615339727461591
0.728423576361048
0.724635451970775
0.256883103503902
1.05114815610918
0.359650080193057
0.68807232185688
0.586976474578565
-0.147160415507832
-0.0942948915228184
-0.889217233555725
1.10969384231236
-2.07735363811901
-0.330257711272181
-0.51523140990669
1.34074814124053
-1.16041158771867
-2.48471557214465
-0.48451345069308
1.09916824556414
-0.509606956894991
0.272904823252516
0.332818682695079
0.73994230832129
-0.042332010515672
0.687374247452478
-2.66454856661505
1.13148694770024
-0.582421644009433
1.12229787837245
-1.42251468605856
-0.103452154945523
-0.113724001151463
0.796032997221379
0.0451326754909489
1.73532453032004
-1.0334185812232
-1.19417258967071
0.0631590310460079
-0.481244560836331
-1.0729675934673
-0.436526931569666
1.63386278105535
-0.10372364626421
1.58988596425399
0.481334323461065
1.88830130020989
0.192290013784786
0.444237444062835
0.480644908427434
1.6058280128445
-0.636101722721649
-1.09256477781174
-0.878896084540929
0.225086409338679
0.314593448762222
-0.210527014258921
-0.37368291318197
-0.571874572630789
1.06912928774338
-2.3503195146111
1.34532620051613
-1.23801284817282
-0.263337640704533
-1.2649335519008
-0.239717131208688
-0.250968457394368
-1.44338036688136
-0.253343444719147
-0.379105992561631
0.13048131407438
1.53731662702537
-0.428151791394017
-0.986584759170433
-0.876319745170807
-1.13885623283708
-2.48376732521286
0.884575902546252
-0.541514896157397
0.102899545695887
0.353079839943198
-0.604380120350655
-0.785651088291464
0.34093701054317
0.298951942471761
0.716407647994722
0.698088749540292
-0.836502959819313
-1.86279224089272
0.863225571869689
-0.936164578202922
-0.86182898826021
1.43540169391402
1.80631015967945
0.861890936586253
3.10970928542665
0.506498364064644
-1.46518742918676
1.69258244095602
-0.491497874731437
1.18319000790976
1.39333800473825
-0.672977440006589
0.0760380709816625
0.675132432152842
-0.610850351303469
-1.03022357224121
0.85294840284181
0.223773689824805
-0.583779699998047
1.62640808280916
1.1547407145751
1.16624480204592
0.0537026445346311
0.512194286857732
0.182364446799405
-1.7176040634186
0.279891664128181
0.261394246398408
-0.853017220106318
0.438361840635378
0.422420368032374
0.797566294257016
0.491846813072073
0.815208630524878
2.31652932913507
0.699997173545611
-1.82183466529935
-1.06616041793758
-0.284544603828465
-0.179033215974075
1.23781115488481
0.246538567651953
0.900745102886087
-1.75629378886764
-0.870172966118689
0.281797926196234
-1.85571393550058
1.27627059378345
-0.936608505960716
-0.349830384778508
-0.0427631311872829
0.658792264113331
-0.478339068775895
0.203069134516212
1.58896942267133
-0.531968289621181
1.89599232069334
-0.593512709856601
0.358789151854356
0.0585483740296469
-1.84010684025209
-0.232466169922167
-0.0859347281945982
0.413054010101688
-1.09675287206421
0.232483907202712
-0.168321209068701
-1.35941446538766
1.90575929767433
0.552748608667388
0.84841141148638
0.720145279640262
-1.06389094720476
-0.952538944870611
-1.03393103001669
-1.08971035472397
-1.26776587552488
0.156997121634143
-0.860605677961368
0.712318128115601
0.298235337616012
-0.234685876676634
0.199184603289037
1.11261463399781
-0.844389077141922
1.01895999417577
1.62331313584105
1.01913726668526
0.389901236756216
-0.648729963943876
-1.56436804271321
-0.33166762565553
2.54834490198557
1.37421669938845
-1.55850741694483
0.276970607116151
0.88031056674273
1.22092129137174
1.10828810476481
-0.974836586652913
-0.165752143155974
-1.71570443431046
0.390786147195243
0.905508592815721
-0.215893140768555
-0.448292050127615
0.686297330087264
-1.43520852615569
-0.716144768188345
-0.517414986442734
-0.441476124417773
-2.19603049607429
0.466537456692552
0.0339420563417865
-0.493971121948784
0.580298748521885
1.11598661858782
1.21250359492295
0.122431957034432
-1.30899501907607
1.05636013810869
1.36007428121315
-0.652491583680261
-0.781330430893228
1.5865519486478
0.290663547536993
1.80922146157447
-0.238920744503533
1.12480457989826
0.740353549553192
0.322693140456214
-2.05929322898852
-0.931978867606323
-0.935864951423438
0.43375880514709
1.09360760044009
-1.01078858888597
-0.254989817800109
-0.146479034407363
0.336048736702116
0.782442983754236
-0.370727350207451
0.028404570632654
-0.802307892140601
-0.288486666092989
-0.111792747527876
1.11198196115823
-1.26909551012596
0.971926753119466
-0.33931984231171
-1.04738167575341
0.897278835945502
-0.451141870745195
0.694215550014321
0.296042551580421
-1.62808497279964
-0.762426364370935
0.437124215443356
-0.701669627951379
0.645434571749106
0.70022830214131
1.42025530433881
-0.755138672504906
1.43264225156638
-0.491687064650329
0.600794410320436
1.17794651844439
-0.447504630025349
0.246775912562253
-1.56084509358829
-1.72728426545079
-0.357562625615388
1.55952551220378
-0.0916488052457462
-1.18763969785325
-0.509334539034949
3.05754617015562
-1.15945239222328
-0.00914534497637834
0.306593960917981
0.903096498760286
0.71065314543268
-0.80909648507681
0.412551755954502
-0.0431001687609571
-0.349080657933652
0.720147707756994
-0.763816792848912
-1.4979921971702
0.150182122660515
0.272003890451669
0.0622856125648669
-0.601838443791801
-0.115470649591488
-0.700816313942588
-1.18208194423035
1.8489308715562
0.837261158265037
-0.0464125388316848
0.429443845424024
0.00652806454394029
-0.684865135043196
0.371776664046559
0.497934757389877
0.154376571545315
0.462205723938985
-0.979893226781741
-0.115669478489959
-1.08393174069956
-0.326448116662451
-1.67200593009236
0.384269246321354
-1.54434380191791
-1.81544649994601
-0.401753882114356
0.473830039616202
0.088320448675361
-0.395220528838296
0.58828721287382
-0.275575865811327
0.65866308531562
0.388850214088624
-0.484557991827459
-0.0902871870641458
0.296566806334762
-0.348858798842447
-1.31620948904296
-0.596975356120648
-1.56507792267871
0.605965689035847
0.873113318976776
1.35279646813485
-0.159954002149303
-0.677387915829161
0.0761211393822637
-1.07031261569054
-0.273580155409649
-0.872459675590633
-0.0803838178440475
-0.153490964592146
-0.739113109296201
0.0794357446384539
2.07590914500398
1.13546497256893
1.13308490895301
0.0436197088121253
0.121617545448975
-0.942496700990671
-1.26633427485187
-0.117627659434551
1.25643368283114
0.551991792861732
-0.245978778973671
-0.795931118932359
0.433298100841702
1.37165161853265
-1.18623539183375
1.62528184451016
-0.429073282077855
0.29249772807267
-0.629893436597219
1.8055168741818
1.67089242535674
-0.0993774449581207
-0.365882359190688
-0.10080308742139
0.742339175246029
1.4319029464225
2.04019859497391
-0.928588828292211
1.99883957847237
1.34087508953415
2.0979418738298
2.36074805608866
0.601790258818164
-0.263649241661058
-0.278818930654453
-1.34719204969537
0.00583368682620735
-0.655228145775181
-0.708777574813279
0.0836331057451513
0.642662492444827
0.11209304783911
1.41970952041363
-1.03646565804956
-1.41339286842439
0.0574298302843981
-0.694872926509394
-0.383092968906549
-0.395396719415178
-1.94976823485464
1.11414134176026
-0.254382416893863
-0.0424965037043701
0.842265651528868
0.679611341117451
0.326770693071818
-0.238646627448107
0.611862003071803
-0.775014668360978
-1.2407156638705
0.515742514124147
1.6063330817415
0.495710792703099
0.593650857215866
0.73747613072343
-0.599209289567397
0.569089443164809
-0.459932465548961
-0.416591602266772
-0.155571852554179
0.728471869890174
-1.32829525148691
0.582925480269257
-0.852777970065816
0.206107637744235
0.990756802791211
-1.44552196211825
0.132829396926712
-0.343252038842136
0.0181390563760291
-1.28096857064251
0.193622505159619
-1.83958798504639
0.594265024984111
0.552297441659722
-0.166507848694924
-1.60452107441318
-1.42528400508833
0.907104830442974
0.324353997769345
-1.26422865783394
2.38137510321736
-0.623998831543606
-0.130494012857619
1.25164671245817
-0.157551247837433
1.20430522252144
-0.255684243157717
-0.173742014079539
0.172706571386538
-0.419732073614661
1.06837701484934
-0.225295824606754
-0.334050583986239
-0.139859993278602
-0.283927804210609
-1.21037443458212
-0.197920135644195
-0.497055274885131
0.508523500985327
0.404505996508948
0.484577550248319
1.0253698323434
-0.182807782909146
0.179709799903032
0.971834270221393
-0.321546815904078
0.384162894927114
0.792862942917732
-1.69223479422506
-0.848380847731806
0.346197637357267
0.606133821040963
-0.821307341038251
1.44626248967568
0.299587492246923
0.832452305707016
-0.892951185114115
-1.22617207941214
0.687031724296399
-0.760143504806376
1.23628199543301
-0.939958563893995
-0.689556734611636
-0.576702390675067
1.42947444563429
1.52938802390781
-2.84152848196853
1.24648876164141
2.61532043477366
-0.616074974403612
-0.502830610947157
0.871554301046693
2.47518306538862
1.8710097067308
0.329402114462291
-0.233096476575615
1.75040491752077
-0.90088333378109
0.306943044932687
1.4685289743546
-0.63071047849203
0.89993453425459
-0.285050105528486
1.12870798358978
-0.584264983749718
-0.491154303533098
-0.563800440102756
2.16820942664792
-0.134406262770511
0.891362327906602
0.949979813770723
1.18607454141752
0.202651135929949
1.39952915594699
-0.341910992360199
1.64492083930109
-0.82883024922574
0.359426923501177
-0.650741978067849
-0.304406570702393
1.98370216517875
-2.20226875330276
-0.569383952469107
1.33555238776179
-0.230698042459627
0.546788315383185
-0.106844412928995
1.18227921363984
0.256203728801318
-0.738628448382326
0.254419943074805
-0.284184244711707
-1.33065764215442
0.0440138482594276
-1.09983863346969
1.0597353101419
0.761786194445011
-0.265683440555076
-0.938579033440745
0.917850220676017
0.630831647111661
0.438826192493333
0.127048374378403
-2.50467275377988
-2.78901575055199
-0.0553194759106078
0.924455356460005
-0.880935564264023
-2.06705602120079
0.0307483232714507
-1.07574865205962
-1.03809437896337
2.10943734426448
0.714661790328321
-0.35402038677838
-1.23253077733173
-0.364390381743894
0.175747183309584
1.74280494473292
1.08586030771771
-0.321321062539584
0.447438049415767
-0.877015983581425
0.958964764699301
-0.30330583917628
1.12547502863198
-1.92699630875049
-0.806297421674793
1.70909411809893
-0.914231450133654
2.15696313374754
-0.405525523124269
-0.771859771561168
0.791867787591988
-0.0745764258009647
0.327008909338493
-2.61396508393902
0.580657644963473
0.416143012034369
2.37729142387238
1.50187661421279
0.0319240289641672
0.181965326807076
1.12456621857137
-0.0536407463340067
-1.11056246750646
1.20707101527264
0.893594035642459
-0.18682046597624
0.874329828948736
-1.69319343037827
1.58589425357239
0.522452922958908
1.20131003052177
-1.52487713529322
0.28346308983091
0.0539648892168796
-0.43602689361508
-1.88428489926142
-1.08919366174388
1.72743440143697
0.420580371014239
0.707942883488719
-1.05169969790822
0.909746481745684
-2.10513325109817
-0.172855962151365
0.0169080615480304
0.0571963253128167
0.248777191054688
-0.564762118396794
-0.126767114134271
0.295555069891828
0.620954806024429
-1.0550484080374
1.24881406431435
-1.22323432954955
-0.243768911123457
0.812460212946568
0.0433179645338189
0.734772162198348
0.928026306470505
0.61614433227782
0.718068571836031
-0.28125645337273
-0.0943159434557394
-0.395188512276515
0.154126941724178
0.673099028861815
0.276379079134758
-0.015228170596322
0.259753506856764
1.52193378555383
0.294225266606343
0.318775353399359
-1.34170297672239
0.425548606782225
0.509676239765203
-1.64499246411328
-0.932034722060174
0.594421574612377
-0.448722837613132
-0.71259807676592
-0.773405269545775
-0.164569135736346
1.01361127228473
-1.09794910986807
0.438879952803004
0.684683138792814
0.513199125424377
1.62878879469749
1.13097322547301
0.571753443007377
-0.454763643646498
0.441267761814415
-0.402577674546186
0.394066966537735
-0.821676965436468
-1.3820699649241
2.36352502228361
0.726120739475633
1.08028224920741
0.121798634628664
0.726462936190373
-0.136768013419996
-0.688716898472247
-0.585420050710251
0.616347919181419
1.34332199118513
0.627928290532925
1.78924272392778
0.579570945684849
0.806513129618244
0.775360019758937
-2.224384547564
0.296158810231509
1.22948761316863
-0.278431139748454
-0.437622242193881
0.361742194187727
1.15107880715275
-0.0316777306349345
0.86930180494262
-0.559192783617425
1.09235831038523
0.724177221190729
-0.785941414388958
-1.515416433803
0.640972608351805
-1.68267543255011
0.639119539354622
-1.38785724109587
0.510289579592694
0.549260463053014
1.12148919926682
1.08418311779848
-0.0411515461205623
-1.72864785642224
-0.524050483177013
-0.0282239413954117
0.420814191254144
0.330912236868476
-0.178502689130872
-1.29050502334488
3.05483706218357
0.448335414628077
-0.392082196374263
0.235355652880016
-0.734424447878943
-0.186515919928827
-0.632323790878622
-0.668554154048281
1.58158149374528
0.559010283094986
-1.27450954145665
1.32086910258062
0.0459179970689154
-2.05021114974203
2.16909324439532
-0.814812495193634
-0.043597852399696
0.0707446533452971
-0.914861995174906
1.32874155164099
-0.26017506141657
1.01790424421794
0.888546113491531
2.37587666805112
-0.430138795425657
-2.10049465333874
-0.458896932166874
-0.620332360198119
1.94390667727814
0.26224860292058
-1.2362525978807
-1.34699260398598
-1.36268676792
0.131332594069927
0.112964625069553
1.93827662772959
-0.76692035842021
-1.44074590885436
-1.67956537915869
-0.635390813356812
0.542541974438374
-0.326749774453545
1.15053275934594
-0.111590236399671
0.131331985608163
0.205240107812292
-1.68928898590596
-1.40076517253872
2.37125967148107
-0.876284319581253
-1.9270659434265
0.250384494998196
-0.577553059230566
1.72833358972555
-0.654526525982695
-0.625767012634077
-0.747622863149806
-0.40500337215247
-0.469891316618127
0.344751699450105
-0.973382755657462
0.0888436937854038
0.140305425697814
-1.11684538629545
-0.770612156007305
0.240315466896049
-0.868813920440394
-0.515736297978094
0.271189765970151
-2.40953168511379
1.18831996530504
-0.439011011412289
1.13602860052755
1.63810430908704
0.582347262415312
0.5233849304725
0.295131573865242
-0.446550632058301
0.320434940417542
-1.44081854327232
-0.283490467101713
0.798275879607163
1.38583651119115
0.519826986514034
-0.823698606871829
-0.764610537612627
-1.47700878215235
-0.475867735485282
-0.104075459533617
1.10035598094935
-0.0895246177223835
-2.17879326859298
-0.240388857839189
0.839232645541431
-0.220047953350828
-0.954104400291395
-0.963711148308316
-0.34579608865944
1.73668948368761
1.11819817971616
0.879550520075123
-1.62918995302658
-0.467141444397985
0.476105127377626
1.59459060304939
0.336344600224683
-1.39364814811343
-0.386611431952582
-0.726252394592213
0.0174054457335621
-0.188387027945125
-0.59681355263805
-1.49702231850588
0.10760097295876
0.504600087795993
-0.375943090240442
-0.594080303984879
-1.03429325684609
-1.68056656151021
0.940487426325686
1.675328098372
-0.351952100954636
0.116548003452403
1.85792178739443
0.174845485504032
-0.535391664385573
-0.485374880623735
-0.710733679420658
0.304818652075911
-0.503472102239884
1.90330908802935
0.0387950315776669
1.1662806798382
-0.842135089913076
0.20507361795309
0.878611327571069
0.377300216532067
1.03422799959551
0.890779433506355
-0.150597811435665
-0.248772182582527
-1.78705442913671
-1.55867158961994
1.8869974666426
0.180926469669416
0.469734262166031
0.217987096298758
0.429328196290227
1.61608603284095
-0.0175628322705866
-1.45419770057848
0.823776004274135
0.0656091392497746
-0.670265706641285
1.13284260990798
1.12185278628177
0.298504443564661
1.57661588983691
-0.284313862754659
1.76411154982987
-0.406839473588048
0.75482105598402
-0.399013735079356
-1.08661128597834
0.665859605255873
0.819025287383238
-0.711843747179023
-0.541515709203636
-0.290326790470501
-2.43195638462486
0.79067495368485
-1.5675143920792
-0.38746836730213
-0.582002611294432
0.573535611256318
0.581043606357822
0.987843765034031
-0.892331063036464
0.547536380486278
-0.403702375885963
0.270743908138733
1.91414997262095
0.862978236461246
0.484803461709143
-0.46126567194628
0.467511974597204
0.439304031507881
-1.28445086969787
1.22681602706386
-0.096571199083991
-1.42231810798371
-0.794890836711106
0.528260935537093
0.52863243966759
0.290889758918692
-0.0309326134483356
-0.668183917427494
0.885386065689544
-0.669676194182553
-0.701261981703833
0.495904075500839
-0.699167567355096
-0.329861133036046
0.0271965796593578
0.429837809789972
-0.418578324865
0.63635445617371
-0.191457841070216
0.543966352512457
1.28527041549759
-1.6346409196554
0.896620671507369
-0.490176444958543
-1.70438758439165
1.7070510927145
0.568641534449606
-0.757525262012605
0.00421372745741941
0.377843658759651
1.34070264698073
0.4523527931379
-0.263606893100123
-0.560143344308106
0.55395349295484
-0.52981002801676
-1.69487137939305
0.89322818609443
-0.174647625819247
0.395679247574948
-1.48444144190146
-0.0883279692251961
-0.371689117257771
1.31072764460621
0.428598245431225
-0.321454424344401
-2.36242793370715
-0.687529091300985
-0.351416444379827
-1.3870728971717
-2.02637406622897
0.856204799165941
1.46176424701677
-0.812804434973149
-0.418630956494757
0.0287435802416017
-0.388934770498843
0.232898023593528
1.10101737140612
-1.25925495047207
1.64295803804376
-1.23981693428394
1.06781737556155
1.21671015227991
-0.782093210270052
1.28868600232602
1.87760130024648
0.239712668908041
1.45649809679507
1.0369125537733
-1.4959435084195
0.815953044338407
0.566414467608638
0.924847811612758
-1.02950981139446
1.84701045684896
2.03976798801636
2.48141877666855
0.677790114544468
0.527569064769658
0.48552171914968
-0.875825085979503
0.184693791054052
-0.204455217630856
0.498696818178685
0.667975666040439
-1.36653795444271
-0.923820721937528
1.92943936647716
1.86940611235447
-2.04144233480024
2.12056020517541
-0.664322529533867
-0.0429272685664322
0.341761899332892
-2.02590956903459
0.730266974459511
-0.621235974090439
-0.544858543717695
-1.53255335259393
1.17759586659024
1.88044685740683
-0.149227100160802
0.637109928364336
-0.305863077591309
-0.757670830559765
1.21382842946929
-1.09620467912491
0.0237831983394962
-0.350087818383266
-1.02453894631797
-1.09074660551146
1.1599766233732
-1.79216505941311
0.307949702680376
1.12948001901152
-0.26227707348523
0.215496889758297
-1.69655886485714
0.833760136859285
1.09848472022397
0.136561531452959
-1.92069002451308
-0.241562554710351
1.02621186756189
-0.407886330535766
0.414890445354024
1.10040496648712
-0.156138346419907
0.903610586380675
1.03495259437429
0.0261043061960428
0.193402832735536
-0.185308424801453
1.02561327664162
0.943834105378173
1.34144875330479
-0.666777063375792
-0.129600602121139
1.13163092484212
1.06151784312241
0.0834458490711902
0.286509521339531
-1.10456449144556
0.508789537572057
0.897347731907867
-0.18594900472591
1.15011677031473
-0.220311529110749
-1.560473941122
0.468269872424828
1.11137722604164
-0.971116912690716
-1.21002683122224
-1.09965802633628
0.765557264838064
-0.769647434700525
-0.420073636443873
-2.70820917084159
0.387687979759787
-0.810210299355776
-0.605178946015173
1.0334035335714
-0.575873126988834
-2.39857655506613
0.282264960182765
0.408952953465746
-1.51087198015049
-0.873343592223742
2.52050734087539
0.283539828429086
1.45510812801732
0.319300487430719
1.39463441104633
-1.71468983691062
0.312491715209856
-1.73572589926943
-1.27700975601155
0.182893573173272
-0.726601042234938
-1.09054259606339
1.79916716953131
0.278897555099569
-1.5604133723751
-0.108728919042998
-1.59038348918217
-0.619074639206141
0.405930731603436
0.697384675257666
-0.091555387347774
0.220913761952326
-0.444189763725043
-1.15446083299706
0.590520067879559
-2.36368189388863
0.274783921601103
1.53568959588681
0.953481789236264
-0.0424463413438759
-0.398700871523459
-0.258456008606624
1.01330010318113
-0.615383014041294
0.258308369941486
-0.621341181694635
1.56133323395334
-0.0254542253676387
0.254326689776661
0.117343826390572
1.41190507710709
-0.756766167048424
0.557483152664437
-0.149044965303666
-2.11803790453319
-0.946352689674748
-0.0139158299305813
0.405339036496138
-0.693584609762043
-1.16219691896104
0.57900098421575
-0.0761403084509456
-0.416932119011279
-0.656295432822343
1.38864276420935
-0.253942677681948
-1.51613153856566
0.155858412762008
-0.181577462115857
-1.3862275235193
-1.10394129909302
-1.76302976100321
0.88186475744891
-0.449965203274606
-1.43996805072144
-0.318147696618095
-0.271855067312491
0.52789945546197
0.40265186324011
-0.668476345232288
-0.304535462179668
-1.22716093625304
-0.722587886544994
1.4231379018565
-1.53848071772911
-0.393509325145045
0.684614637812806
1.11429037662726
0.419079807364252
0.0795016864464243
0.541837699462912
0.0290395037493958
-0.0353541604712593
-2.02299057673823
1.32034194558158
-0.279394529959178
1.26654717195585
-0.636499220609591
0.0847854943413887
-1.54876556500889
0.552778182303433
0.330122918877828
1.10234453853508
0.0678763158846018
-0.5599605974586
0.5010534902814
0.664250000452891
1.13990648739012
0.991961467556779
-0.801400344290324
0.888563027482171
-0.63264003747909
0.452496503318673
-0.500146741281537
1.84618055821137
0.261142018306092
-2.17008050982756
0.132062792788258
0.911378401264201
-0.945774755130813
-0.143361683870597
0.611650788249923
1.22029216572835
0.270669115935194
-0.408096581890767
-1.6602895856234
-0.317195264795629
0.0925928072352533
-1.98512002703827
0.429767317757867
-1.0088376682998
-0.231673513302595
1.21979050804154
1.8560843515126
-0.100787762993642
1.1783854004974
-0.42916766454192
1.73630409454705
-0.00989144152202459
0.64461649869315
-0.480547885744549
-0.864528821657991
-0.293364250181846
-0.0980609716795598
0.988701651199848
0.66239285375221
0.00693380497206348
1.14409105519496
0.859301224398075
1.06264000346164
-0.953927197065577
0.0939814886627354
-0.771708900748874
-0.300053200607614
1.0996886971784
-0.743822003984388
2.12436412393583
0.890085170330905
-0.593336425349259
0.369915109379699
-0.758065854072741
-0.331876596868682
0.167485882701585
-2.34832617572775
-0.0418331952370006
-1.53422471004583
-0.196109548144659
-1.15757518139066
0.648369696903001
1.20943879638399
0.00508799176973884
-0.159013219845806
0.0333030990663853
1.30820853827796
-0.572010435011694
1.16120664018877
-0.303117178223475
0.562975547484735
-2.15481841278067
-2.18030247298457
0.898115618057059
1.14233763750303
0.822519012373523
0.661348732719833
0.52024603986295
-0.337157497658641
0.442562264062913
0.0722899398277172
-0.13452432158422
-0.778480631938312
0.842041041929334
0.662780362177851
1.15282959246019
-0.243326766804918
0.972075773854528
1.22748293969445
-0.361959439511399
-0.352721931342307
0.0144996963000445
-1.82137325335831
0.186005756174367
0.982095062966341
-0.69839948674358
0.0120509148951488
-1.46885188574151
-2.1569503422693
-1.39027180750475
-0.144648283998311
0.774440467520475
1.26641171998325
2.67552385829501
-0.640650520930663
-1.64291481774553
-1.11663514673577
-1.51463754205619
1.694488549747
2.71814083969692
1.0470829271589
-0.518442102993656
-1.05236567872336
-1.2204568262631
1.55284028794858
0.702394509880435
-1.01490720709233
1.20627005439272
1.60629783979495
0.467117347261593
0.377585579679028
0.415542670446675
0.186115230542271
-1.30683537877454
-0.0153052998895607
1.715874615484
-0.0854992178380232
0.408196175222048
1.28171728340784
-0.201049349187894
0.491483189346405
0.45867887993955
0.898009174139531
0.234949327856492
-0.643220680628022
-0.380011248108509
1.70417588124331
0.530960848662823
0.214139685217376
-1.3673422076301
-1.00096310744765
1.72769551046633
0.0213324710943789
-0.13559314867827
-0.60100676647959
-1.68525820041229
1.11346249779538
-0.955585498891203
0.518637910356927
-1.09573985316617
-0.919690507016699
2.58092779684598
0.394654386112376
-0.0895372312630793
1.60937172505607
-1.51188239399402
-1.1909748989844
-0.745184324552608
1.59330844961946
0.23699132384028
0.6247503649492
0.352745388780134
0.24161165743086
-0.999338852673284
0.662420258290215
0.121749025552257
2.27528795858897
-1.93271893581361
0.408973802456146
0.115781439671145
0.757730601586743
-1.10357235965931
1.68269694515907
-0.304319732191726
0.647119533554402
0.638275731666895
-0.475650300119818
1.1800477147912
0.217124539071381
-0.937890152461204
0.927557348675687
-1.71864052208229
2.08252734133172
-0.76657054852146
1.7527090983915
0.452084452378034
0.693750264050779
1.41573974835074
0.374739725445377
-2.02727162759183
-1.15755894471412
-1.11861276842574
-0.617485033812925
-1.37552050343767
-0.365546004472162
1.72408209624249
0.754137272866195
1.33203335433474
1.84852782425814
0.602737016518366
-0.360965005042331
-0.306366853896983
-0.223323702798412
-2.07850202716096
0.946531452779421
-0.637830091066937
1.28027916080746
-0.611603406673395
-0.294499502221629
0.116519278070812
2.26543376607342
-0.171077222049315
0.694007705955185
-0.822981677391604
0.157138310152967
1.04801234127251
-1.01766211229402
-0.785303179214138
-0.461913658603228
-0.934432755941804
1.22669514991627
0.695306731764348
0.673066662211071
0.208855152849149
1.12826709540572
0.534270458597208
-1.78324724334571
-0.402024537539708
0.90324639841769
0.377532661506639
0.738418618541215
0.696536832046525
1.20773677417568
-0.408679908619076
0.435148975293999
0.370729082730778
0.58700591991841
0.504249352269793
1.40506573897653
-0.347697981973869
-0.0817473272381832
-0.118630893367073
-1.88508948706068
1.45109113053477
-2.45314999037741
1.04999442992251
0.264169432588737
0.887329172418019
0.736642784708805
0.654175770381815
-0.834670490413912
-2.1397816531168
0.799855448461547
-0.591269648976996
0.757703255648109
0.926967138273409
-1.19471147581637
0.0538156109715624
0.533392265735447
0.438403506902201
1.18687707301466
-0.124240034567521
-1.13765855156319
-0.199183224711192
-0.275528573946721
0.568674615891472
1.32241733294964
-1.15899243870978
-0.93515337907535
-0.00951723919106335
0.832379259147232
-1.77104697248317
0.650740010300879
-1.87856732102284
-0.0292835545631142
-0.220006403824279
0.246189973008345
0.601569565567679
0.0451873041541114
-1.52940679837449
1.62687241302092
0.976767861293765
-1.00142204633801
0.727956121292531
-0.283737942762649
0.0414472750109305
-1.1531342551025
0.466512054498992
0.229224398830893
-0.0762850426965198
1.74495795828769
-0.971012126752821
0.360622409396502
0.299426567888
-1.17461905649901
-0.351430124979198
-0.0618055496162751
-0.230466300639347
-0.267101324418678
0.374102887249387
0.37540184836281
1.54498778728616
-1.956185753042
-0.595512541204653
-0.628496588123544
0.0405232544295812
-0.323553767596223
-1.22201019456363
0.697384205439676
0.921549175171057
0.744297358629195
0.126157631325163
1.81672400139766
-0.524721131833938
-2.10560829771654
1.16214610523701
2.27028747625757
1.50083347509719
1.07360723049086
0.140355282280804
-1.09930986559448
0.792680742776389
-0.955300958170873
0.38895595379433
-0.508518873475654
0.197172866069695
-0.992957527311995
-0.906588260475812
0.666965812949791
0.385762559739274
-0.512297161710347
-0.428976231369057
0.614681136682548
-1.97848873188288
0.29150000686645
-0.917766591704367
-1.70251196625021
-1.21288057861495
-0.0185013857465484
-1.14381178130764
-1.13307895343941
-0.367383343218457
-1.64300777325097
-1.82324582482355
1.69074043183479
2.33671554484653
1.03046517619287
-0.309242929478381
-0.167338243453776
1.06047254806175
-0.202327683497937
1.37408326780454
-1.58695133908447
1.18914027102523
-1.23002734713779
0.278586346868923
1.495831685248
-0.638045545143305
0.0948572699395608
-0.792426626649142
0.84866625036436
0.244402368234202
-0.167616711010293
0.130817480880873
0.7014602727531
1.52408922786822
-1.05898844934008
-0.069201613551831
-0.773519315461941
-0.764721455683395
0.568677979052819
-0.588200154772578
-0.581588605023618
-2.52484140010617
-0.277503215061969
-0.716224396345536
1.61068698955831
0.670788774606756
1.1351973208656
-0.963095410446892
-1.0285829486595
-1.39863519598097
1.27593664477945
0.0880405160143197
-0.73423345509117
