0.704938203552356
1.52885404802326
0.04238098443452
-1.37881490330221
-0.628214683186644
2.19125459375159
0.591937977878581
0.549110022473203
0.0338052887329824
-0.236890027663418
0.424406593525561
0.282140598624499
0.613813976842199
-0.567040394473746
0.369786557240997
1.73967707024442
0.46440509059487
1.1032400820018
1.41816967303013
-0.751043852853248
0.136072502298119
1.07998927206339
-2.88813768742956
1.17009693906103
-0.791930749581666
0.346017214549003
0.649267738524521
-0.0541152858189304
0.333721550399515
-0.291082238085551
2.20792718001782
0.0346790620269647
0.688642474097958
-0.112878263557654
-0.473090392932556
-1.36613076620147
1.87024342425827
-0.0760538065364056
0.53237446395805
1.80389646052493
-0.88613978618669
-0.736507739938382
0.735266709810847
-2.01770461358296
-0.904544080057141
1.14138262246889
1.58108333919355
-0.85122547491193
0.668640974604289
-1.04371522067911
-0.10159468320575
-0.871453313852815
0.695384119724724
-0.316348849302312
-0.168534555545742
0.920915106638007
0.790002131117819
-0.512795794688374
0.410249203724968
-0.631877198264859
-1.05171157063543
1.71364504078075
0.856446009219673
0.959214065157014
0.584115452944743
-0.521684386961123
0.390360885391907
0.725985098880811
-0.494424961492073
-0.89113292422729
-1.378999813621
0.0717163508853567
0.483490076343929
-1.81692675967148
-1.03720129586959
-0.794965708346659
0.755018562150159
0.209000908302428
-1.90400181573834
-0.740682167975508
-0.292633381218558
-0.95182040907169
-0.679994376900519
0.634280098325551
1.02469488023501
-0.685881097191957
0.636632776864147
1.11660037075897
0.979972805360223
0.00694168257538578
0.177873792778025
0.188445671889325
-0.264407288651342
0.113728957490377
0.290333465136343
-0.449813846811215
-0.759968467972946
-0.054409114986615
0.754983596963824
-0.383955764299925
-0.430932238494713
-0.303852545792661
0.548090390490599
-0.369112111592829
0.742573904826779
-0.0462810458851797
-1.03491022346602
-1.14268841465333
-0.318136852915516
2.14305871603171
0.544187556800784
-0.376819071524318
1.89201418350254
0.676947263025739
0.664978083491316
-0.597194960414708
0.711618284544402
0.660910553362686
0.805313309759157
0.507585691874778
-0.023198374038169
-0.587038356648848
0.362537324982462
1.18717275018006
-1.12650908234712
0.532013893286976
-0.0391591955389654
-0.391802948289016
-0.545421218299917
0.785906185511452
1.17509522922376
-0.13837723066696
0.415198001835942
0.632573902792055
1.21711813428793
-1.17063311807344
-1.46271105496006
-2.00329137200366
-0.409962682893903
0.40088012985751
1.4825941537388
0.340422716644231
-0.56518760870257
0.0993736363656846
-1.40997528867743
1.16450931463048
-0.674730548336937
0.399349111756115
1.18703316012297
-0.792002215651574
1.39736096638751
-1.38050188670569
1.55626319208323
-0.461427666149812
-0.243310569869387
2.13161478073919
-0.516328245649428
0.995497455407936
0.048277277716896
2.48022475179031
0.630472956420406
-0.330055367886636
-0.328305102877534
-0.735086627049681
-0.577213662737722
1.05797304041442
0.94099796519128
-0.00473404089272716
1.18651785768528
-0.390182324290143
1.99911142090633
-2.46507010976152
0.516812348158021
2.11317746151563
-0.280035447321246
0.540976272751842
0.804040450377428
1.2861338661456
-0.541721476743605
0.576953692676649
1.15748164346444
0.913323868073304
0.119204945744172
0.751675387234053
0.962140609650715
-0.137728215033094
0.544524671931388
-0.363072180829141
-0.668021671836128
0.153407781436631
-1.28228963691883
-0.836203989016616
-0.752672991459117
-1.51407616265517
0.319482122806462
-0.0757268205692898
0.540292242839547
-0.796356135546368
-0.0607991854671205
1.35847110601014
-0.325236631557183
0.523166464723009
0.655857769736495
-0.834852432538319
1.62871801054352
1.53906306421048
1.22760345915894
-0.0187544464185861
0.711040485440579
-1.14252638757575
1.38364608015046
-0.520560717154083
-0.82168663903955
1.015294709464
-0.542832322109767
-2.04098151606985
-0.903409073354194
-0.449778122441426
-0.213505206497065
-0.0412314786688938
-0.7338020943818
2.00411295830982
0.858528931873918
-0.435155035465196
1.11522025712467
-0.192571072331895
-0.15948000148962
0.999218731498485
0.763858764513025
0.397298086293664
1.66129802558773
-0.227458941857743
-0.199252132488017
0.336615265881356
0.939975691227969
0.576363779952595
-0.84349223632805
-1.93469610397124
0.600919780568112
-0.779549286322055
1.10841734408317
-0.256218949423248
-0.420736673861373
-0.790217683491342
0.544824106357618
0.41580926807247
0.883237631881509
-0.197471780681192
-0.734714967884562
-0.240262052802987
1.01975738733431
-0.982939476367189
2.16012857837553
0.185275258446702
-0.366195555088508
0.372200684941548
-0.386133519455222
1.37926869022834
-0.093855688316717
1.30794495834391
0.124773330845093
0.195469825264728
0.760348638553394
0.318428760738247
-0.104199173457226
-0.530439976226149
1.51494423703052
0.905024416871783
0.935746881450023
0.643783235862413
-0.49080775397606
1.62255634133171
-0.165399017909411
0.380404624470968
-1.61560151489685
1.31705645167487
-1.7101370594454
0.377630990079538
-0.896896399045236
-1.03269137771354
0.184917537696456
-0.270152286800553
1.37898660864283
-0.466406155470004
-0.326312025025238
0.797127725359087
-0.316651144659348
2.14678809306922
-0.0612052214324058
-0.53614157204193
1.04866117839504
-0.405540346417648
-0.10409594387248
-1.20027849785506
-1.56165198549918
-1.20282883711886
0.159497955574975
0.0133394692068783
-0.0350205238085221
-1.64782815136155
0.123173731429332
2.67713305633688
-0.775045591431658
-0.307611285636018
0.465108199328712
0.261341031275462
-0.431808126881043
-1.66685480571848
-0.394807340404358
0.575791127440811
0.551740047407606
-1.32653664938252
1.15099541089681
-1.60635317099869
1.02187378586435
0.970723952629399
-0.442681738810676
0.391273179781381
0.641954126567813
1.695169029603
-0.967160251831873
-0.216112521907712
2.57206898964585
-0.541574474787787
0.67518807448114
1.46887953516842
0.447916340857477
-0.062400448578471
0.839502590680424
-0.00953081565141211
0.828188133085152
1.19525911297137
0.682081992707058
0.257159510101709
0.15062434509938
-0.566381075328822
-1.20005526003878
2.71021675951976
-1.33160515227697
1.44068801883505
-0.842102728273854
-0.383766862460426
0.7917390195215
-0.235911909038504
0.892479807902821
1.33286150662614
1.15570311958427
0.0297497419749016
0.296933156395401
-0.973217891913918
-0.0619748815133628
-0.456566544194965
0.0675973786246137
0.406296773372709
1.01328185518736
0.525587431336688
-0.0168292342364862
-1.27976573416164
-0.650045644822563
0.387064939557544
1.28891315394325
1.67968361204244
-0.374712722724061
0.0578739807179134
-1.16327202256892
1.49649153791543
0.482672374983393
-0.568107073061011
1.09951169032917
0.00469493120035817
1.86243841935827
-0.775964001954338
0.100034359225475
0.249424335295547
-0.638271949160582
1.20973109004922
-0.158927320891019
1.21461004387806
-1.85292418540255
