1.53136429973872
-0.733473813724629
-0.721517390996979
-1.67726542840458
-0.531246783974651
-0.0727699002561293
0.629365250773822
0.477967528073539
-2.29394873696156
-0.0616333449450037
-0.425742036307527
-0.591074261467038
0.515276295915553
-0.825198469909903
0.880675627555189
-0.672165178325115
-0.484911049079751
-0.30787710757199
-1.47274439111306
-0.756515286098169
-0.409716696717196
-1.81198440060255
-0.0434221465444084
0.734462561423857
-1.13442867023875
0.601168010432937
-0.375637104916825
-1.10366311497883
0.640352268973086
-0.0223134044407321
0.379377196738379
1.03615264863581
-0.425398019326993
1.12207374653762
-0.592220964347419
0.221510288521755
-1.13205259009484
0.637901243843827
0.442902671464766
-1.61728834429366
0.0278919854997047
0.483162030131771
1.20872493952437
1.58243534248184
-0.401165350488444
0.162193964101843
0.209424657688227
0.283078507719456
0.30815157981927
1.00894559303413
-0.0702073147581187
-0.672121046673057
-1.12996186708934
0.163083166660762
1.50065265343073
0.741883170342931
-1.1408896520353
-2.2041762494803
1.21686204005656
-1.28874768497686
0.950811657113802
1.62652048962434
-0.0741276026804487
1.88992598748155
-0.110282505130463
-2.1267111128989
-0.452667903200124
0.418023524981919
1.84666220845729
1.42065390497134
-2.1625309519984
1.36457158782607
1.49752429759617
-0.544553569528741
0.790974566167254
1.94926441239427
0.699459475796002
-1.00625341221967
0.104510755712462
-0.331628196182217
0.145573804401399
1.30595650540797
-0.593911697063798
0.111572398963356
-1.06874746103442
-0.204755910810552
1.11485108369598
-1.26709706404194
-0.471075004225772
-0.266513360564058
-0.0878511844777366
-0.530255039994542
1.35681819435671
0.769798339852811
-0.132929233068082
0.289144240387177
0.477785147174932
1.21882599105186
0.0971373199463687
-0.37746727059995
0.449640924663037
0.201469402821812
-0.753259413445015
-0.300937336836115
-0.55332324685454
-0.842446668753996
-0.434885780979022
-0.483228970657259
-0.994214765526103
-1.59955953792501
-0.858321921141955
-0.990386688946731
-0.122947538742597
-0.736047189376048
1.64507125022986
-0.403756221390513
-0.604698946050895
-0.334445808172033
-1.7514866202894
0.889291340542135
-0.0867571834998419
1.21704155930117
-0.0728555575172826
0.100814567819179
-0.310097869344876
0.97349646734269
-1.74022798062617
-1.60960178839977
-0.599980106334862
0.287736073902745
-1.84747763251288
0.241754296946129
0.657256656120874
0.778506793495477
-0.226939707769675
1.31954885496922
1.54491910419267
-0.438401471783302
2.25025012497337
-0.115246466243848
1.11931292780645
-1.28894878536006
-0.482158689731761
-0.873691662127164
0.631074976639862
-0.203299452082962
-0.392243885102824
-0.725801009516734
-0.544049818594977
0.547764819945588
1.66307451819239
1.11567714415706
-1.17033820207632
0.840107558735537
0.360383423183446
-0.701800131186231
-0.727642206329155
1.5215114601334
-0.088055310508258
0.269878885472429
0.81294588342839
2.32746745624158
-0.145548768681533
-2.62572686343335
1.06241571462478
0.813896322806757
0.708228385542277
-0.660257323097193
-0.73357917041859
1.55704397649194
0.510025886962051
1.88278578998103
-0.738843215938589
0.189824796243112
-1.38594259503528
-1.10606946767404
-0.674893636040342
-0.820045103428172
0.808420072561876
0.270931741250979
-0.326530211451332
-0.0808913485906142
-1.43831272189016
0.273400545990955
-1.90526610386414
1.21612701348435
-0.84535951010873
-0.0347538808120316
0.58783950665585
-0.739300537252458
0.528546379366748
0.953517639822559
1.23861073958389
-0.945291957050054
-0.491326750727619
-0.444914033100968
-0.628348693415866
-0.352193905362208
0.670991872558228
0.0843529723407635
-1.2688384078236
-0.564640048657237
1.25078724585456
-0.292383197840419
0.233742938390716
-1.2499853129697
0.699301694673595
1.11204557628497
0.798385767006413
0.534715404814009
1.08969345518142
-1.11645698939985
0.915574683901349
1.26687659871
-1.06722639879064
0.528771509425624
0.355341223974
-1.30199652031116
-0.500631043165153
0.486508796921739
-0.136922826888709
0.175148918462996
-0.15145792980685
1.68992076547867
0.0714469549299936
-0.545585032114037
0.761310483990574
-0.164622175492158
-0.21845297555368
-0.39990663410467
0.197228686763423
0.14217342196024
-0.434887478479606
1.95665762996216
0.0618373078081888
1.50756966584099
0.707148227060519
-0.992939439464536
-0.566014149303326
0.419613575951336
0.373456099703053
-0.696829202876666
0.729355784781438
1.44711614316596
0.231218845746133
0.33471208769528
-0.264674315951905
-0.144064067901847
0.313622042296202
0.553305763073302
1.76417667511989
-0.718025743083128
-0.00696236545299987
0.103284141466588
1.13929821874832
1.08743846809609
0.538905171280319
0.410037654226887
0.397621988980514
0.441060517641866
-0.685004732024394
0.268952515896117
2.34422554344006
0.0502268513265438
0.0576549584022254
1.22930878279698
-0.364442453964868
-0.136943728573723
-0.342529326061869
-0.820368995003417
-0.796478050908115
1.6131134801454
0.143858443496498
1.21086433935067
-0.140045594634415
-0.265876086047579
2.4407395296753
-0.655064726313574
0.320889405803689
0.0772661889016312
1.43238179254528
0.348563490848277
-0.0189406778019417
-0.0723080511471743
1.41740154800921
-0.563463065452861
0.531081448698611
0.550236324103157
-0.228276897970969
0.664745221053163
0.226189950636693
-1.18143146618424
-0.786558562293637
-1.38986195416119
1.76559870869088
0.242812068237181
1.48149671861263
-0.976217649368648
1.02241068144481
0.944967735663627
0.576349654404658
1.0767276079713
-0.913640392899096
0.716177497895453
-0.853249699344439
-0.33836725912078
-0.870582358908932
-0.734849812971173
1.37437512660006
0.479773391760216
-0.933650270141723
-2.45140637197145
0.704709707993159
0.204473691213075
-0.689914424683191
-0.529204489428543
-1.65357451584355
1.32618344761187
-0.744235076983736
-1.34557225017448
-1.43061276913951
-1.84209688798415
-0.375254476764198
1.27113284359957
0.0194401479998347
-1.66303255270796
-1.03564303332558
-1.56614107803222
0.292152418427186
-0.466970764310497
0.323626137915162
0.275314616156636
1.46243035946113
0.0931396146787522
-0.659116042233725
2.14202533036682
0.226462423898129
-0.698228464447083
-1.54704604055241
0.271394042540015
0.0513196518985719
0.244927890530613
2.30147006483529
-1.02621895934239
0.126925329643657
0.461610687805053
-0.181108068123512
-0.806012817931583
-0.380770350818143
-0.497375057089691
1.65752482510803
-3.31351388366298
1.38179238423782
0.731725188713481
-0.400718729993852
-1.65039844039138
-1.84903138318373
-0.618042225928663
0.18685019528794
-2.28801324254666
0.0731011834659478
-2.54523975474345
0.110623046121532
0.604546844828276
-0.450130015155117
1.3124011252011
1.9235246149038
0.155813737913553
0.603406720428689
-0.69488886114575
-0.0668130235326958
-0.050232543540389
1.49265299182743
0.127099878488152
-1.54507969071854
-0.160275024140784
-0.0606295247942723
0.748943466753414
-0.50314551012754
-0.490416628689133
-0.435308695990758
0.310857807105507
-0.620794455608783
1.65569928393936
0.621633639200635
-0.263821326844741
0.239217352772193
-0.066255268364551
-1.15540391142994
-1.59882602244858
-1.57958637978936
0.572163762303945
1.19885683412277
-0.630814306770721
-0.00636592020650428
-0.642609908407537
1.30658148205294
-1.60870382286336
0.14560679875881
1.36482674386292
-1.48150927870824
0.355222544920804
-0.33067431965879
-0.511784692743046
-0.224536426051617
0.278513545825882
0.143210973042186
-0.730702801156239
0.0173123428677069
-0.916735451812309
-0.227811562142328
-1.44515595365989
0.675465925396973
-0.792727892010365
-0.430257440584344
-0.890997797286226
0.35855786760398
0.439562856877921
0.59492320533548
0.649443532813188
0.868730028721036
0.192894116789488
-1.2818653746942
-0.568281733697247
-0.519007048961127
-0.616191307620122
-1.28832908501321
1.16814587790491
0.426925616066971
0.426767604653735
0.771788236799095
0.396757393430142
0.366715230346331
-0.0122298040978225
-1.17134987616556
-0.0652551600136769
-0.476465155633793
-0.207791213416717
0.806913316712413
0.442083896231788
-0.131059600608325
-0.404747532832072
-0.964112066349699
-0.97742046049434
0.592916916989262
1.08664140662903
-1.46409360657497
-0.13533488786149
-0.718218644062285
-0.00538058811596319
0.201120310334077
0.0120157125306328
-0.701862927510262
1.4977983393892
-1.79945941468766
0.421713704083523
1.38929376352386
0.121134925192207
0.16679825623076
0.212707906543623
3.05799608568173
0.435864899495823
-0.693384391590781
-1.17383861694521
1.89223095658992
-0.681821631746586
1.06332267628039
0.441762333456687
-2.44383175536375
-0.545957323310614
-0.80406281674665
0.358655180059693
-0.830077849785419
0.422943630753817
-1.75293407693353
-1.89076202932647
-0.858941394765
1.18465951382613
0.528647636816625
1.52753943027786
-2.0803210801277
0.314580650677554
-2.78791414559378
-0.927020526086617
1.95253548628491
-0.659559096439751
0.77381565731218
-1.34192003349047
-0.68974527457429
-0.630086133799426
-2.02917960551594
-1.61412228482632
-0.546808541200713
1.23445033050135
0.894651670958046
-0.0948188239531635
0.50891321198878
-1.25281422255488
0.0910251027520592
-0.922891788718121
1.31239550418519
0.85578270172032
0.477216826480615
-0.26435841794011
-0.361231694876985
-0.671801401761847
0.124752923960284
-0.225606622359143
0.976120224444723
0.547492990748
0.973775500376528
1.38068539483155
1.21867022727607
-1.17355322486481
-0.530050961619023
0.898316674313095
-0.83401852953465
1.26681355004375
-0.483371283436048
-0.534762420307835
-0.163345714441414
1.49704070850571
2.14058448797395
1.35150631476047
-0.561197019978898
1.07769237538723
-0.90041045427019
1.16091247808769
-0.0895409197723528
-0.532970365085783
-2.75020948114938
-1.58742248519221
0.160049145661949
-0.305594964322908
-1.34421283149365
-0.243193805903796
1.62838336562493
0.664321726639886
1.27700065305451
0.571826944696923
-0.131952299339575
1.50364408624175
0.993081318380892
0.173109893365564
-0.529571827907768
0.59218415774777
-1.04427224762644
-0.0554560710804929
0.218282020129146
-1.41888466956605
0.534520114426725
-0.722407914387422
-1.24544051606839
-0.877524265144688
2.04790931228163
0.607828404240698
-0.900704957646103
-0.551336774716418
-1.40595053370076
-0.597798503883853
-0.0584298808502676
-0.0354351973951519
0.467999820576498
-0.866362349555819
0.327286144881249
-0.0889285476433462
0.0397686883481111
-0.734389105879229
2.54113503368691
-1.2988024341704
0.871103017606356
0.478620746330799
-0.525706528671793
1.4987212952948
-0.298117870780946
-0.954796229304294
-0.0600604398882648
1.42099255384877
-0.21538688628713
-0.511496178660504
-1.21264764837227
-0.748085393035922
-1.10322169697952
-1.46658684361288
0.57254224188251
-0.712059148695768
0.523835457697263
1.12711763598586
0.786825865813243
-1.71386264176048
0.123149234180455
-0.861517070367519
-0.244076527462346
1.86511967591599
-0.860417340073369
-0.449896562092585
0.133769177225683
-1.34494658197504
-0.377148629351556
1.757235803634
-0.457591068904329
-1.20157239699965
-0.277956507509462
-0.805369073790811
-0.794833679001355
0.202338188186246
0.591764247961945
-0.0165985308870758
-0.412021142053891
-1.02598939688097
-0.425728499793641
-1.60632558708502
1.44093249434083
-1.17508581758381
-1.04356530254467
-0.0960155101517707
0.205983620725177
-0.947054792482486
0.29302745927906
0.881855108586686
0.347970521197778
0.00353644398338059
0.657831834155453
-1.23392299669613
0.626918893197258
0.0241920997481207
0.690277081628254
-1.55785829113781
0.20828408655227
-1.39895514826178
0.223422249745665
-0.217051696188955
-0.0438185588020255
-0.0470170586921932
-0.577596957654157
0.656728016522053
-0.74620037657212
-0.0871718184719416
-0.222808477511161
0.489755692187274
-1.29429366379228
1.24897946931696
-0.0759181012455413
-0.0388109979765827
-0.612212910882695
0.954172947490848
1.44150006519152
1.07594641278435
-0.298021840211655
0.233526273726124
-0.712740014717778
0.393405911949651
1.49428728714113
2.10494139313634
-1.40395606551009
1.50958858016102
0.0960639859034701
0.688579682384372
1.45648415174227
0.363937042180766
-2.4869582895113
-0.556321278726016
-1.75639260400201
-0.806733789135927
0.373848676884982
0.238351539962392
0.680395744768541
-0.182553743623666
0.0687053573057833
-0.806792502574704
1.17416154195957
1.62219012143115
2.76840107553925
-0.291563618200434
-1.6744796753794
-1.13435700703292
-0.133424015797305
0.702095113678669
2.08537915472748
-1.27017398400487
-0.433855249254688
-0.538739479849012
-0.798975021130427
0.170771730441895
-0.571846645587688
-0.554727480605643
0.905022375301359
-2.47705744174467
0.123166282558024
-0.293714640820725
0.526622140675313
0.122568289868613
-0.570785181696141
0.998962306442075
0.0412897489642272
-0.501420829383273
0.721128774010767
-0.814469687276404
1.39768746449411
0.231228241527501
-0.290924099399493
0.0807113170306569
-0.970521315199545
-1.97226149311217
0.791581043051401
0.977431255379878
1.13633855553996
-1.02237225099173
0.370340186882302
-1.77953779965103
0.441378760135715
-1.66707085522298
0.802503829680428
0.927429017686604
-0.568853020826359
1.92631685816128
0.0751284706952421
-0.0573608324810714
0.551716316741718
-1.73819892783598
-1.05735336923558
0.529844569204273
1.13267578015621
-1.07658574173166
-0.370056911425316
0.568244076137674
3.29743413047821
0.784426781070172
0.033600836214268
0.245828005727158
-1.79363581016608
0.161410724548219
1.3212620085984
0.534295403961259
-0.267346550293917
0.203053174954819
-1.09060329834622
1.73962037301163
1.91085951628118
-1.13927284214959
1.77073493280628
-0.510777439256426
-1.49773795488756
-2.61620041354052
0.197284945834858
2.07249188672936
-0.610216261048352
-0.216361628531986
0.29707250052484
1.67657261887321
-0.647485975646595
-1.28061011570313
0.635775060544762
-1.08161434485321
1.44730530982639
-0.882684756357335
-0.210693952882992
0.695698505921039
-1.08840421183607
0.462902286320696
-1.36295394374752
-0.104834222522704
-2.40620188861341
2.27451214108155
-0.53142636367912
-0.788763054848887
0.705624717667172
-0.15740783931432
-0.518040225714573
0.3690812909514
-0.0477604599190709
-1.62984241709959
-0.671764022449778
0.942173212888073
-0.935438822228948
0.888159608436316
-0.89746328118624
0.532362716878663
-0.122177690977115
0.752000194076443
-0.98924210603849
-0.877258032476376
0.426005109861829
-1.06374100382927
-0.291669053054331
-0.804226905359005
-0.818366759871115
0.567121960782326
-0.163471572326901
0.576462868452071
-1.00722028891763
-1.124282368869
1.27178025467584
-0.0801484993303216
-0.535802943231475
-1.18844023754489
1.57967657188145
0.670319034304281
-2.23690313590791
-0.337074982914886
0.0610879870848495
0.949712524010974
0.830263983346263
0.656934811955258
1.86069897345548
1.38200587188039
0.642110636594141
-0.909927314171838
0.369756720098685
0.949816521962426
0.768265634414605
-0.212970560085475
-1.00523666838234
3.1065663122942
1.947986296831
0.916556837146248
-1.97248050916419
-1.00706925872724
-0.818025667294616
-0.34040307839274
0.520403359667155
0.653955559757971
0.389496597903916
0.85239189825379
-1.51109040005903
0.027409930586106
0.586601902845443
-1.06744019018968
-0.128178292387855
0.746894969176368
-1.8845753919035
0.923307358882695
-1.93932813795029
-0.911185929705542
-1.28722194913379
-0.400321436406437
-0.860500689968524
1.25616920631325
-0.736764891720496
0.0647680421227793
0.350191228367562
-0.0661256215763915
-0.31451275705914
0.399093116749239
-0.585754783765969
-0.394793619381159
0.42323244101276
1.69961481429617
1.36638335166556
-0.410661227082158
0.691908758182344
1.71140494112477
1.56523795209915
0.710898383478131
-1.89237167424888
-0.503483040406324
-1.04918507283524
1.46907883997222
-0.723242562464957
-0.12308521853893
-0.285724397486343
-1.29494052219172
2.17342185725336
1.50548239954469
-1.05129272983632
-1.27180191653674
-0.439436440811488
-0.103251323987566
0.3506062554146
0.527004275085128
-0.0889447974655927
-0.0140311051205865
0.344946350698966
-1.01501531454405
0.0507627334452914
-1.21065348545742
0.38513705354186
0.914277440847448
0.821825071509368
1.26905693337822
-0.803761174379107
0.792217512409738
1.97406454784848
-0.455482672609604
-1.11706994018842
-0.390838495411573
-0.620727337126156
-0.556692559472892
-0.189597079218168
0.894610836742305
0.324357636995916
-0.805931938240905
0.0872877596704057
0.203796466233227
-0.017041831210928
0.204714515024138
-0.315541116387737
0.159153431191517
0.558129536038842
0.152280547990002
-1.09028843918299
0.280234332082613
0.547067027900281
0.642591558828766
0.45132256273076
1.09293860030845
1.19898386548134
1.55382243462179
0.675414814945847
-0.0746336607452931
-0.742714443532078
0.670907565105361
1.01851156554557
2.45023653073164
0.603054848037439
-2.3284059135902
0.775212440190199
-1.02667410640213
-1.53900497454726
0.298323144513368
0.417788575846598
-0.429044793910338
-0.648265642687505
1.19933537832037
-0.00528327099768149
0.641510777446441
-0.989914603667468
1.10171622704563
0.277399012110168
-0.705444259706276
0.22622191302924
-0.227156754957858
-0.386729924560495
1.32634025019658
0.454942269965072
1.30872699901971
0.360460775633848
2.94853196875114
-0.49168303239942
-0.618120264169777
1.12162585118268
0.446421294434212
1.40984214412012
-0.52144867861139
-0.950479023708351
-1.79530424545796
1.88338378523834
0.100248062057865
-0.791006522228392
-0.145924504098561
0.939751827681857
-0.207927134720375
-0.554717201933004
-1.57143155034201
-0.221015706380878
0.431859118621957
-0.618006360501305
-0.984537886306235
-0.420013311216952
-1.89470695311451
-0.289982155252645
-0.364392198369442
0.855067235496251
-1.22295651491053
-0.395682123480069
-0.282959560827905
-0.876021676987597
0.91260279703407
-1.40956904477866
0.389841833564704
-1.4254291669554
0.41770786549168
-0.615339727461591
0.728423576361048
0.724635451970775
0.256883103503902
1.05114815610918
0.359650080193057
0.68807232185688
0.586976474578565
-0.147160415507832
-0.0942948915228184
-0.889217233555725
1.10969384231236
-2.07735363811901
-0.330257711272181
-0.51523140990669
1.34074814124053
-1.16041158771867
-2.48471557214465
-0.48451345069308
1.09916824556414
-0.509606956894991
0.272904823252516
0.332818682695079
0.73994230832129
-0.042332010515672
0.687374247452478
-2.66454856661505
1.13148694770024
-0.582421644009433
1.12229787837245
-1.42251468605856
-0.103452154945523
-0.113724001151463
0.796032997221379
0.0451326754909489
1.73532453032004
-1.0334185812232
-1.19417258967071
0.0631590310460079
-0.481244560836331
-1.0729675934673
-0.436526931569666
1.63386278105535
-0.10372364626421
1.58988596425399
0.481334323461065
1.88830130020989
0.192290013784786
0.444237444062835
0.480644908427434
1.6058280128445
-0.636101722721649
-1.09256477781174
-0.878896084540929
0.225086409338679
0.314593448762222
-0.210527014258921
-0.37368291318197
-0.571874572630789
1.06912928774338
-2.3503195146111
1.34532620051613
-1.23801284817282
-0.263337640704533
-1.2649335519008
-0.239717131208688
-0.250968457394368
-1.44338036688136
-0.253343444719147
-0.379105992561631
0.13048131407438
1.53731662702537
-0.428151791394017
-0.986584759170433
-0.876319745170807
-1.13885623283708
-2.48376732521286
0.884575902546252
-0.541514896157397
0.102899545695887
0.353079839943198
-0.604380120350655
-0.785651088291464
0.34093701054317
0.298951942471761
0.716407647994722
0.698088749540292
-0.836502959819313
-1.86279224089272
0.863225571869689
-0.936164578202922
-0.86182898826021
1.43540169391402
1.80631015967945
0.861890936586253
3.10970928542665
0.506498364064644
-1.46518742918676
1.69258244095602
-0.491497874731437
1.18319000790976
1.39333800473825
-0.672977440006589
0.0760380709816625
0.675132432152842
-0.610850351303469
-1.03022357224121
0.85294840284181
0.223773689824805
-0.583779699998047
1.62640808280916
1.1547407145751
1.16624480204592
0.0537026445346311
0.512194286857732
0.182364446799405
-1.7176040634186
0.279891664128181
0.261394246398408
-0.853017220106318
0.438361840635378
0.422420368032374
0.797566294257016
0.491846813072073
0.815208630524878
2.31652932913507
0.699997173545611
-1.82183466529935
-1.06616041793758
-0.284544603828465
-0.179033215974075
1.23781115488481
0.246538567651953
0.900745102886087
-1.75629378886764
-0.870172966118689
0.281797926196234
-1.85571393550058
1.27627059378345
-0.936608505960716
-0.349830384778508
-0.0427631311872829
0.658792264113331
-0.478339068775895
0.203069134516212
1.58896942267133
-0.531968289621181
1.89599232069334
-0.593512709856601
0.358789151854356
0.0585483740296469
-1.84010684025209
-0.232466169922167
-0.0859347281945982
0.413054010101688
-1.09675287206421
0.232483907202712
-0.168321209068701
-1.35941446538766
1.90575929767433
0.552748608667388
0.84841141148638
0.720145279640262
-1.06389094720476
-0.952538944870611
-1.03393103001669
-1.08971035472397
-1.26776587552488
0.156997121634143
-0.860605677961368
0.712318128115601
0.298235337616012
-0.234685876676634
0.199184603289037
1.11261463399781
-0.844389077141922
1.01895999417577
1.62331313584105
1.01913726668526
0.389901236756216
-0.648729963943876
-1.56436804271321
-0.33166762565553
2.54834490198557
1.37421669938845
-1.55850741694483
0.276970607116151
0.88031056674273
1.22092129137174
1.10828810476481
-0.974836586652913
-0.165752143155974
-1.71570443431046
0.390786147195243
0.905508592815721
-0.215893140768555
-0.448292050127615
0.686297330087264
-1.43520852615569
-0.716144768188345
-0.517414986442734
-0.441476124417773
-2.19603049607429
0.466537456692552
0.0339420563417865
-0.493971121948784
0.580298748521885
1.11598661858782
1.21250359492295
0.122431957034432
-1.30899501907607
1.05636013810869
1.36007428121315
-0.652491583680261
-0.781330430893228
1.5865519486478
0.290663547536993
1.80922146157447
-0.238920744503533
1.12480457989826
0.740353549553192
0.322693140456214
-2.05929322898852
-0.931978867606323
-0.935864951423438
0.43375880514709
1.09360760044009
-1.01078858888597
-0.254989817800109
-0.146479034407363
0.336048736702116
0.782442983754236
-0.370727350207451
0.028404570632654
-0.802307892140601
-0.288486666092989
-0.111792747527876
1.11198196115823
-1.26909551012596
0.971926753119466
-0.33931984231171
-1.04738167575341
0.897278835945502
-0.451141870745195
0.694215550014321
0.296042551580421
-1.62808497279964
-0.762426364370935
0.437124215443356
-0.701669627951379
0.645434571749106
0.70022830214131
1.42025530433881
-0.755138672504906
1.43264225156638
-0.491687064650329
0.600794410320436
1.17794651844439
-0.447504630025349
0.246775912562253
-1.56084509358829
-1.72728426545079
-0.357562625615388
1.55952551220378
-0.0916488052457462
-1.18763969785325
-0.509334539034949
3.05754617015562
-1.15945239222328
-0.00914534497637834
0.306593960917981
0.903096498760286
0.71065314543268
-0.80909648507681
0.412551755954502
-0.0431001687609571
-0.349080657933652
0.720147707756994
