0.704938203552356
1.52885404802326
0.04238098443452
-1.37881490330221
-0.628214683186644
2.19125459375159
0.591937977878581
0.549110022473203
0.0338052887329824
-0.236890027663418
0.424406593525561
0.282140598624499
0.613813976842199
-0.567040394473746
0.369786557240997
1.73967707024442
0.46440509059487
1.1032400820018
1.41816967303013
-0.751043852853248
0.136072502298119
1.07998927206339
-2.88813768742956
1.17009693906103
-0.791930749581666
0.346017214549003
0.649267738524521
-0.0541152858189304
0.333721550399515
-0.291082238085551
2.20792718001782
0.0346790620269647
0.688642474097958
-0.112878263557654
-0.473090392932556
-1.36613076620147
1.87024342425827
-0.0760538065364056
0.53237446395805
1.80389646052493
-0.88613978618669
-0.736507739938382
0.735266709810847
-2.01770461358296
-0.904544080057141
1.14138262246889
1.58108333919355
-0.85122547491193
0.668640974604289
-1.04371522067911
-0.10159468320575
-0.871453313852815
0.695384119724724
-0.316348849302312
-0.168534555545742
0.920915106638007
0.790002131117819
-0.512795794688374
0.410249203724968
-0.631877198264859
-1.05171157063543
1.71364504078075
0.856446009219673
0.959214065157014
0.584115452944743
-0.521684386961123
0.390360885391907
0.725985098880811
-0.494424961492073
-0.89113292422729
-1.378999813621
0.0717163508853567
0.483490076343929
-1.81692675967148
-1.03720129586959
-0.794965708346659
0.755018562150159
0.209000908302428
-1.90400181573834
-0.740682167975508
-0.292633381218558
-0.95182040907169
-0.679994376900519
0.634280098325551
1.02469488023501
-0.685881097191957
0.636632776864147
1.11660037075897
0.979972805360223
0.00694168257538578
0.177873792778025
0.188445671889325
-0.264407288651342
0.113728957490377
0.290333465136343
-0.449813846811215
-0.759968467972946
-0.054409114986615
0.754983596963824
-0.383955764299925
-0.430932238494713
-0.303852545792661
0.548090390490599
-0.369112111592829
0.742573904826779
-0.0462810458851797
-1.03491022346602
-1.14268841465333
-0.318136852915516
2.14305871603171
0.544187556800784
-0.376819071524318
1.89201418350254
0.676947263025739
0.664978083491316
-0.597194960414708
0.711618284544402
0.660910553362686
0.805313309759157
0.507585691874778
-0.023198374038169
-0.587038356648848
0.362537324982462
1.18717275018006
-1.12650908234712
0.532013893286976
-0.0391591955389654
-0.391802948289016
-0.545421218299917
0.785906185511452
1.17509522922376
-0.13837723066696
0.415198001835942
0.632573902792055
1.21711813428793
-1.17063311807344
-1.46271105496006
-2.00329137200366
-0.409962682893903
0.40088012985751
1.4825941537388
0.340422716644231
-0.56518760870257
0.0993736363656846
-1.40997528867743
1.16450931463048
-0.674730548336937
0.399349111756115
1.18703316012297
-0.792002215651574
1.39736096638751
-1.38050188670569
1.55626319208323
-0.461427666149812
-0.243310569869387
2.13161478073919
-0.516328245649428
0.995497455407936
0.048277277716896
2.48022475179031
0.630472956420406
-0.330055367886636
-0.328305102877534
-0.735086627049681
-0.577213662737722
1.05797304041442
0.94099796519128
-0.00473404089272716
1.18651785768528
-0.390182324290143
1.99911142090633
-2.46507010976152
0.516812348158021
2.11317746151563
-0.280035447321246
0.540976272751842
0.804040450377428
1.2861338661456
-0.541721476743605
0.576953692676649
1.15748164346444
0.913323868073304
0.119204945744172
0.751675387234053
0.962140609650715
-0.137728215033094
0.544524671931388
-0.363072180829141
-0.668021671836128
0.153407781436631
-1.28228963691883
-0.836203989016616
-0.752672991459117
-1.51407616265517
0.319482122806462
-0.0757268205692898
0.540292242839547
-0.796356135546368
-0.0607991854671205
1.35847110601014
-0.325236631557183
0.523166464723009
0.655857769736495
-0.834852432538319
1.62871801054352
1.53906306421048
1.22760345915894
-0.0187544464185861
0.711040485440579
-1.14252638757575
1.38364608015046
-0.520560717154083
-0.82168663903955
1.015294709464
-0.542832322109767
-2.04098151606985
-0.903409073354194
-0.449778122441426
-0.213505206497065
-0.0412314786688938
-0.7338020943818
2.00411295830982
0.858528931873918
-0.435155035465196
1.11522025712467
-0.192571072331895
-0.15948000148962
0.999218731498485
0.763858764513025
0.397298086293664
1.66129802558773
-0.227458941857743
-0.199252132488017
0.336615265881356
0.939975691227969
0.576363779952595
-0.84349223632805
-1.93469610397124
0.600919780568112
-0.779549286322055
1.10841734408317
-0.256218949423248
-0.420736673861373
-0.790217683491342
0.544824106357618
0.41580926807247
0.883237631881509
-0.197471780681192
-0.734714967884562
-0.240262052802987
1.01975738733431
-0.982939476367189
2.16012857837553
0.185275258446702
-0.366195555088508
0.372200684941548
-0.386133519455222
1.37926869022834
-0.093855688316717
1.30794495834391
0.124773330845093
0.195469825264728
0.760348638553394
0.318428760738247
-0.104199173457226
-0.530439976226149
1.51494423703052
0.905024416871783
0.935746881450023
0.643783235862413
-0.49080775397606
1.62255634133171
-0.165399017909411
0.380404624470968
-1.61560151489685
1.31705645167487
-1.7101370594454
0.377630990079538
-0.896896399045236
-1.03269137771354
0.184917537696456
-0.270152286800553
1.37898660864283
-0.466406155470004
-0.326312025025238
0.797127725359087
-0.316651144659348
2.14678809306922
-0.0612052214324058
-0.53614157204193
1.04866117839504
-0.405540346417648
-0.10409594387248
-1.20027849785506
-1.56165198549918
-1.20282883711886
0.159497955574975
0.0133394692068783
-0.0350205238085221
-1.64782815136155
0.123173731429332
2.67713305633688
-0.775045591431658
-0.307611285636018
0.465108199328712
0.261341031275462
-0.431808126881043
-1.66685480571848
-0.394807340404358
0.575791127440811
0.551740047407606
-1.32653664938252
1.15099541089681
-1.60635317099869
1.02187378586435
0.970723952629399
-0.442681738810676
0.391273179781381
0.641954126567813
1.695169029603
-0.967160251831873
-0.216112521907712
2.57206898964585
-0.541574474787787
0.67518807448114
1.46887953516842
0.447916340857477
-0.062400448578471
0.839502590680424
-0.00953081565141211
0.828188133085152
1.19525911297137
0.682081992707058
0.257159510101709
0.15062434509938
-0.566381075328822
-1.20005526003878
2.71021675951976
-1.33160515227697
1.44068801883505
-0.842102728273854
-0.383766862460426
0.7917390195215
-0.235911909038504
0.892479807902821
1.33286150662614
1.15570311958427
0.0297497419749016
0.296933156395401
-0.973217891913918
-0.0619748815133628
-0.456566544194965
0.0675973786246137
0.406296773372709
1.01328185518736
0.525587431336688
-0.0168292342364862
-1.27976573416164
-0.650045644822563
0.387064939557544
1.28891315394325
1.67968361204244
-0.374712722724061
0.0578739807179134
-1.16327202256892
1.49649153791543
0.482672374983393
-0.568107073061011
1.09951169032917
0.00469493120035817
1.86243841935827
-0.775964001954338
0.100034359225475
0.249424335295547
-0.638271949160582
1.20973109004922
-0.158927320891019
1.21461004387806
-1.85292418540255
0.0181472082197116
-0.292412216261917
0.855073624385452
0.120088063329728
-1.09592295825302
-1.61810289338025
0.398151923553429
-1.29556490581115
-1.97158019434876
-1.27859363312281
-0.4323795489986
1.6745648534168
0.152294300589206
-0.554880505262246
0.611892188557928
-1.12808395627483
1.54012007513698
-0.757150632586853
0.365765933482001
1.46489726253875
1.30328556704231
1.09988959784556
-0.829305329280669
-0.463397430954662
-1.41264844688206
0.161182762914549
0.605002621613445
-0.370327107998546
0.467626586660151
-0.424921570097507
0.690134582704283
-0.388297387682691
0.735699705039217
0.34134079111657
0.793100571804774
-0.224339512940439
-2.72345873425591
-0.620614884760506
0.571227265875605
-0.228088184825268
1.25121955119988
1.31902700916569
-1.28671355991932
0.372566251085839
-0.0893935294205039
-0.511965559668743
0.197035174060228
-1.33037747274294
-0.0806539760812628
-0.260031697074747
0.710059329194763
-0.869357723858953
0.502865500527965
0.546725401354241
-2.12329022396753
-0.105180417748415
-0.437249028999687
0.148586400250126
1.07722559497764
-0.542575074191403
0.773241710452372
0.07764773098355
1.43719737685976
-1.27664007825379
-1.8040455724329
-0.68296405355224
0.893227375205661
0.379338431708344
0.148496297670734
0.952563951960838
-0.727103891730332
0.774205519107482
-0.867253269532426
-0.634923707502297
-0.444287468053046
-0.438249570926493
0.460381601599157
-0.890099322517827
0.950634328255224
1.01395337643661
-0.387592494741524
-1.10756075330829
-0.589143525108927
-0.0520590181378995
0.831246327663005
0.566436864820415
1.02927659548645
-0.934856934741788
0.428717171655555
-0.258847832302457
1.07500714423066
1.28260979515577
-0.283179422435363
0.144889318984849
-1.35272610358857
0.894065235662859
-0.0303418994626851
-1.91165607230418
0.15114367066269
-1.04687940817176
0.630416783474563
0.0271081910819032
0.429680720747038
0.327783290584888
-1.38532691829237
-0.675047787384279
0.201815919967531
1.69163083384264
0.819521972358622
1.54946442229061
0.791437397812287
0.726802605800213
1.15060741047344
0.195402849103446
-2.10225438680783
1.59068957232803
-1.67754186543355
-0.374998785392094
0.571322348319822
0.132756528824578
-1.28560556545188
1.81720338475587
0.377190040512723
0.540324672428575
-1.9297943969096
0.364450501169942
-0.5972474430383
1.13883703918565
0.0369447185633087
-0.710561901947301
-0.935208855691818
-1.66487229470506
0.0657144624126768
-1.67049434767224
-0.913121354287792
-1.30759999818447
1.03871392859991
-0.529372150695362
-0.375853701620353
-0.517317839757957
1.02079219269596
-2.92419530205595
0.864499224668549
-0.740323349152993
-0.802235587002375
-0.514761411237648
1.14423546219914
0.522393983510679
0.173774287419736
1.34325236063996
0.414057587330704
-0.24625098418377
-1.24722666743748
-0.441558418222421
0.121385256155252
-0.763148542989896
0.339101563969224
-1.26809171763364
0.177534382515052
0.48209663043995
0.890178035933376
-1.01306382637751
0.266272117545573
0.518185771234956
-0.0210887278984704
-0.0750842843197308
0.387774585643001
-0.315140990439268
0.692001638474034
-1.23318456774095
1.59571571338126
0.589714178196597
-1.45563651764265
0.144593132605931
-1.83434349173067
-0.131677940174344
1.11954849289858
-1.3231645908018
0.777374503906764
-0.798150505473278
0.647022146835244
-0.400659230282731
-1.90707278643132
-0.559914418339619
-1.1790570230889
-1.10535239369814
-1.24047404389941
-0.117828248462746
-0.292612931257968
-1.89970615392257
0.222211238739677
0.537554000974147
-1.60309491745429
1.20590670224315
0.163175722732623
-2.08477784618339
-0.154459943875845
-0.595069427958195
0.0699975526774498
-0.158900954935323
-1.10547684891528
-0.538245442095277
-0.68313016508562
-0.570273766337935
-1.68264424946004
-0.113519893684222
0.531968143562433
-0.268840941378521
-1.98854022509317
0.0314264472678593
0.721899619440621
0.0652886958710894
-0.428352033702414
0.923105791546165
-0.0749062685507755
-0.676183350078949
0.877043310862172
-1.13396052359793
-0.416135154145776
-2.39253376984542
-0.275089825512225
-0.0695339759529702
0.701133324932982
-0.233213902750726
-0.892934887660257
-0.699711004664896
2.63779173594025
-0.0148635119269876
1.51648457486204
1.17965841053522
-0.311986707347741
0.249011784965816
0.118980893423097
-0.436691766049783
0.179627048983836
0.608585711528091
0.398827864070222
-0.72940607060566
-1.78127330373946
-0.548055848254069
1.08529505957001
-0.17584597821075
-1.12847424814262
0.567187427324334
0.942991964016866
-0.00357218249677939
0.0937758265405512
0.592936343402637
-1.33388026866264
-0.787545911658039
0.0443251529951296
0.696475895614475
0.715740673521748
-0.596730132482704
-1.2901605267176
-1.37225335572346
0.49021353965702
1.897791441723
-0.776490599846223
-2.58910480281267
-1.13621668360516
-0.327431271708801
0.784051895644484
-1.03637556618574
-0.625020262827032
-0.631090845987468
1.34592966589507
-0.67159403954884
-0.336822187855963
1.82162874931614
0.781167229838414
-0.167153284780788
-0.0929452010162995
0.0532566051618784
-0.533510033959692
-0.913087118191607
-1.48594822252167
0.148635243601364
-0.208154813612071
-1.30416562793226
0.192839669481367
-0.406016937058735
0.357308920857746
1.34132103344565
-0.137590206410358
-0.410876347544497
-0.794727698419489
0.0446302672208904
0.777126296374465
0.781164011919733
1.50451362032844
-0.61779306409208
-0.233273783678741
-0.997164483328284
-1.90298564008842
-2.83818369723596
-1.09678481910086
0.666704006742118
-0.718922146325767
0.16288233271943
0.216028909254587
0.478205980708884
0.741652304960559
1.33318117403141
-0.268713671369762
0.434489001664523
0.112671011629269
-0.221662601701749
1.03725900899691
0.81675430625061
2.26118109605564
-0.908736574136425
0.622950225660209
0.930333192059845
0.364718459034148
-0.348866906208312
-1.32250260048476
-0.52826683152476
0.151948345362021
2.23471056958601
-0.981858541225526
-0.241611707230415
-0.0153424983888363
-0.70614096829648
-0.749602760634214
-0.898983065684977
0.647222269339695
0.352026965490058
-0.18108233803229
-0.475034662200626
1.98174912168674
-0.374005455305387
-0.245644241744893
0.136788748442726
0.688648342481766
-1.68271080384235
-0.996201426850921
0.862762983065416
1.47960402949574
-0.166238535652729
-2.093699480795
-1.18803981374904
-1.6363562005222
2.56814399908847
-0.300544532371523
-1.04280927009932
-0.83741053468336
0.935193394647053
0.259728837562136
-0.942417116136232
0.200882024988565
2.01329749933543
-1.79456757167893
-1.33209004005527
1.11538966078043
0.683819394104
-0.967543285251465
0.549874028061937
-0.528071144027926
0.278204688917191
-0.25261879311053
1.18820285425946
1.28451409564336
1.27997244807493
0.611425054653843
0.250796877398163
0.473005629923209
-0.182588446381149
-0.485719026731231
-0.240755358957236
-0.0618335699100028
-1.15663072911256
-0.307474976480872
-0.125652774883219
-0.689639613413063
-0.482362795072902
-0.871331092470094
0.346835282211881
-0.080775336464329
-0.581093751168196
-0.906969360337871
-0.258176152980258
0.636812695954177
-0.976139432588905
1.28276172526582
0.0157289586956247
-0.174292928274258
0.0769759829777275
0.612749077691752
-1.79280022589711
-0.537002718256393
-0.0538544844737057
1.34303223087249
-2.04630600071653
1.46622527312938
-0.157281856994364
-0.0142459103984109
0.7174726926895
1.184416802093
0.95522135840849
0.24063804153844
0.612864221529629
2.06690107903099
0.664437095208474
-0.160872943795146
1.30780691618854
-1.9805040229253
-0.322292739821571
0.860941062860617
-1.36379727839304
-0.59667035919713
0.724858545365225
0.84141792441642
-1.77519070336789
1.11022507644772
-0.597580208801711
-1.46178507722034
0.185418597137193
1.43089641843451
0.166941346655939
0.341265392980255
0.60912852897548
0.442777389724221
-0.30078794475994
-0.481066700474737
0.347335449512737
0.32545160949733
0.847726848650427
-2.12637973488556
0.727922732185772
1.22802157982313
0.341029847791562
-0.484112836610908
-0.127723159744298
0.019396850803394
0.259673313603448
-1.63882315995621
-0.900798279303794
0.54189505926047
0.266854398446644
0.900337889334747
-2.49423445474861
-1.63108417105808
-1.07970204724329
1.93948526892305
1.70684111177634
-0.207845768308119
-1.64456094931794
1.46841685760918
-0.694005541625061
-1.06376781695141
-0.891747862873038
-1.39678524868962
-1.95192212347065
-0.408098811430171
-0.579093646191031
-0.0275555726028684
0.588863180093974
-0.84492754694928
1.26292523983992
-0.541356264095933
0.292276950799537
1.41304467731252
-1.00534484705042
0.20574717487226
0.404127967982353
1.43659399952347
